date,administered_doses_pfizer,administered_doses_moderna,administered_doses_astrazeneca,administered_doses_jj,einrichtung,delivered_doses_pfizer,delivered_doses_moderna,delivered_doses_astrazeneca,delivered_doses_jj,cum_administered_doses_pfizer,cum_administered_doses_moderna,cum_administered_doses_astrazeneca,cum_administered_doses_jj,cum_delivered_doses_pfizer,cum_delivered_doses_moderna,cum_delivered_doses_astrazeneca,cum_delivered_doses_jj
2020-12-26,0,0,0,0,impfzentren,151125,0,0,0,0,0,0,0,151125,0,0,0
2020-12-27,24346,6,0,0,NA,0,0,0,0,24346,6,0,0,151125,0,0,0
2020-12-28,18100,0,0,0,impfzentren,521625,0,0,0,42446,6,0,0,672750,0,0,0
2020-12-29,50619,0,1,0,NA,0,0,0,0,93065,6,1,0,672750,0,0,0
2020-12-30,64048,0,0,0,impfzentren,653250,0,0,0,157113,6,1,0,1326000,0,0,0
2020-12-31,50034,0,0,0,NA,0,0,0,0,207147,6,1,0,1326000,0,0,0
2021-01-01,25528,6,3,0,NA,0,0,0,0,232675,12,4,0,1326000,0,0,0
2021-01-02,48087,0,0,0,NA,0,0,0,0,280762,12,4,0,1326000,0,0,0
2021-01-03,22550,2,0,0,NA,0,0,0,0,303312,14,4,0,1326000,0,0,0
2021-01-04,46051,1,0,0,NA,0,0,0,0,349363,15,4,0,1326000,0,0,0
2021-01-05,52714,1,0,0,NA,0,0,0,0,402077,16,4,0,1326000,0,0,0
2021-01-06,63116,6,3,0,NA,0,0,0,0,465193,22,7,0,1326000,0,0,0
2021-01-07,54820,5,2,1,NA,0,0,0,0,520013,27,9,1,1326000,0,0,0
2021-01-08,62707,51,1,0,impfzentren,687375,0,0,0,582720,78,10,1,2013375,0,0,0
2021-01-09,60705,3,1,0,NA,0,0,0,0,643425,81,11,1,2013375,0,0,0
2021-01-10,36024,9,0,0,NA,0,0,0,0,679449,90,11,1,2013375,0,0,0
2021-01-11,68176,14,2,0,NA,0,0,0,0,747625,104,13,1,2013375,0,0,0
2021-01-12,78998,17,3,0,impfzentren,0,63600,0,0,826623,121,16,1,2013375,63600,0,0
2021-01-13,110805,1177,0,0,NA,0,0,0,0,937428,1298,16,1,2013375,63600,0,0
2021-01-14,78947,5158,0,0,NA,0,0,0,0,1016375,6456,16,1,2013375,63600,0,0
2021-01-15,86272,5277,19,0,NA,0,0,0,0,1102647,11733,35,1,2013375,63600,0,0
2021-01-16,56327,1682,1,0,NA,0,0,0,0,1158974,13415,36,1,2013375,63600,0,0
2021-01-17,46543,1262,1,1,NA,0,0,0,0,1205517,14677,37,2,2013375,63600,0,0
2021-01-18,78613,4256,1,0,NA,0,0,0,0,1284130,18933,38,2,2013375,63600,0,0
2021-01-19,115912,3765,51,0,impfzentren,842400,0,0,0,1400042,22698,89,2,2855775,63600,0,0
2021-01-20,129729,2839,4,0,NA,0,0,0,0,1529771,25537,93,2,2855775,63600,0,0
2021-01-21,102550,2817,2,0,NA,0,0,0,0,1632321,28354,95,2,2855775,63600,0,0
2021-01-22,99983,2191,13,0,NA,0,0,0,0,1732304,30545,108,2,2855775,63600,0,0
2021-01-23,86560,355,3,0,NA,0,0,0,0,1818864,30900,111,2,2855775,63600,0,0
2021-01-24,47574,199,4,0,NA,0,0,0,0,1866438,31099,115,2,2855775,63600,0,0
2021-01-25,89547,1451,3,0,NA,0,0,0,0,1955985,32550,118,2,2855775,63600,0,0
2021-01-26,96790,1440,7,0,impfzentren,489060,0,0,0,2052775,33990,125,2,3344835,63600,0,0
2021-01-27,107539,1791,8,1,NA,0,0,0,0,2160314,35781,133,3,3344835,63600,0,0
2021-01-28,90821,1629,3,0,NA,0,0,0,0,2251135,37410,136,3,3344835,63600,0,0
2021-01-29,105976,1481,71,0,NA,0,0,0,0,2357111,38891,207,3,3344835,63600,0,0
2021-01-30,87192,880,3,0,NA,0,0,0,0,2444303,39771,210,3,3344835,63600,0,0
2021-01-31,56754,378,5,0,impfzentren,0,90000,0,0,2501057,40149,215,3,3344835,153600,0,0
2021-02-01,117757,2212,55,0,NA,0,0,0,0,2618814,42361,270,3,3344835,153600,0,0
2021-02-02,129552,3127,21,0,impfzentren,747630,0,0,0,2748366,45488,291,3,4092465,153600,0,0
2021-02-03,156391,6397,26,0,NA,0,0,0,0,2904757,51885,317,3,4092465,153600,0,0
2021-02-04,128534,5897,8,0,NA,0,0,0,0,3033291,57782,325,3,4092465,153600,0,0
2021-02-05,140994,6468,8,0,NA,0,0,0,0,3174285,64250,333,3,4092465,153600,0,0
2021-02-06,91454,2634,1,0,impfzentren,0,0,345600,0,3265739,66884,334,3,4092465,153600,345600,0
2021-02-07,51192,2334,2,1,NA,0,0,0,0,3316931,69218,336,4,4092465,153600,345600,0
2021-02-08,105512,3834,30,1,NA,0,0,0,0,3422443,73052,366,5,4092465,153600,345600,0
2021-02-09,130851,3440,186,0,impfzentren,747630,0,0,0,3553294,76492,552,5,4840095,153600,345600,0
2021-02-10,142429,4289,8390,0,NA,0,0,0,0,3695723,80781,8942,5,4840095,153600,345600,0
2021-02-11,120574,7309,16388,2,NA,0,0,0,0,3816297,88090,25330,7,4840095,153600,345600,0
2021-02-12,132201,9373,14403,3,impfzentren,0,0,391200,0,3948498,97463,39733,10,4840095,153600,736800,0
2021-02-13,90878,3262,13414,1,NA,0,0,0,0,4039376,100725,53147,11,4840095,153600,736800,0
2021-02-14,55561,2481,7298,1,NA,0,0,0,0,4094937,103206,60445,12,4840095,153600,736800,0
2021-02-15,104838,5320,15546,1,impfzentren,0,182400,0,0,4199775,108526,75991,13,4840095,336000,736800,0
2021-02-16,108804,6215,19693,1,impfzentren,904410,0,0,0,4308579,114741,95684,14,5744505,336000,736800,0
2021-02-17,122650,8058,20964,1,NA,0,0,0,0,4431229,122799,116648,15,5744505,336000,736800,0
2021-02-18,112530,8288,23951,5,NA,0,0,0,0,4543759,131087,140599,20,5744505,336000,736800,0
2021-02-19,121341,10039,27581,1,impfzentren,0,0,715200,0,4665100,141126,168180,21,5744505,336000,1452000,0
2021-02-20,86508,4476,21353,1,NA,0,0,0,0,4751608,145602,189533,22,5744505,336000,1452000,0
2021-02-21,66490,3646,15781,1,NA,0,0,0,0,4818098,149248,205314,23,5744505,336000,1452000,0
2021-02-22,123502,9072,23752,1,NA,0,0,0,0,4941600,158320,229066,24,5744505,336000,1452000,0
2021-02-23,134235,7268,29085,1,impfzentren,926640,0,0,0,5075835,165588,258151,25,6671145,336000,1452000,0
2021-02-24,131971,7663,36937,1,NA,0,0,0,0,5207806,173251,295088,26,6671145,336000,1452000,0
2021-02-25,131890,6789,51105,0,NA,0,0,0,0,5339696,180040,346193,26,6671145,336000,1452000,0
2021-02-26,141837,8878,63066,0,NA,0,0,0,0,5481533,188918,409259,26,6671145,336000,1452000,0
2021-02-27,92674,4087,51164,1,impfzentren,0,342900,0,0,5574207,193005,460423,27,6671145,678900,1452000,0
2021-02-28,61502,3964,37805,2,NA,0,0,0,0,5635709,196969,498228,29,6671145,678900,1452000,0
2021-03-01,130706,9710,58557,0,NA,0,0,0,0,5766415,206679,556785,29,6671145,678900,1452000,0
2021-03-02,140640,10084,69041,0,impfzentren,1014390,0,650400,0,5907055,216763,625826,29,7685535,678900,2102400,0
2021-03-03,158376,15175,74731,0,NA,0,0,0,0,6065431,231938,700557,29,7685535,678900,2102400,0
2021-03-04,141765,14517,89342,0,NA,0,0,0,0,6207196,246455,789899,29,7685535,678900,2102400,0
2021-03-05,148439,13397,113538,1,NA,0,0,0,0,6355635,259852,903437,30,7685535,678900,2102400,0
2021-03-06,109421,8858,84521,0,NA,0,0,0,0,6465056,268710,987958,30,7685535,678900,2102400,0
2021-03-07,79850,6664,61305,0,NA,0,0,0,0,6544906,275374,1049263,30,7685535,678900,2102400,0
2021-03-08,134362,10985,92821,0,NA,0,0,0,0,6679268,286359,1142084,30,7685535,678900,2102400,0
2021-03-09,140500,12805,99647,0,impfzentren,1083420,0,960000,0,6819768,299164,1241731,30,8768955,678900,3062400,0
2021-03-10,159822,12253,117783,1,NA,0,0,0,0,6979590,311417,1359514,31,8768955,678900,3062400,0
2021-03-11,147967,13746,123316,0,NA,0,0,0,0,7127557,325163,1482830,31,8768955,678900,3062400,0
2021-03-12,151865,17334,158307,0,NA,0,0,0,0,7279422,342497,1641137,31,8768955,678900,3062400,0
2021-03-13,116259,9590,115338,0,NA,0,0,0,0,7395681,352087,1756475,31,8768955,678900,3062400,0
2021-03-14,88188,5522,76689,0,NA,0,0,0,0,7483869,357609,1833164,31,8768955,678900,3062400,0
2021-03-15,153119,12757,82931,0,impfzentren,0,0,364800,0,7636988,370366,1916095,31,8768955,678900,3427200,0
2021-03-16,166998,11310,1199,0,impfzentren,1083420,0,0,0,7803986,381676,1917294,31,9852375,678900,3427200,0
2021-03-17,186977,18058,751,0,NA,0,0,0,0,7990963,399734,1918045,31,9852375,678900,3427200,0
2021-03-18,174599,18223,1165,0,NA,0,0,0,0,8165562,417957,1919210,31,9852375,678900,3427200,0
2021-03-19,186223,20873,38732,0,NA,0,0,0,0,8351785,438830,1957942,31,9852375,678900,3427200,0
2021-03-20,135636,15349,69827,0,NA,0,0,0,0,8487421,454179,2027769,31,9852375,678900,3427200,0
2021-03-21,102411,9216,53251,0,impfzentren,0,432000,0,0,8589832,463395,2081020,31,9852375,1110900,3427200,0
2021-03-22,166895,23880,79160,0,NA,0,0,0,0,8756727,487275,2160180,31,9852375,1110900,3427200,0
2021-03-23,182145,19768,99673,1,impfzentren,1076400,0,204000,0,8938872,507043,2259853,32,10928775,1110900,3631200,0
2021-03-24,200558,33176,106246,2,NA,0,0,0,0,9139430,540219,2366099,34,10928775,1110900,3631200,0
2021-03-25,186014,27718,119728,1,NA,0,0,0,0,9325444,567937,2485827,35,10928775,1110900,3631200,0
2021-03-26,200221,37352,137538,2,impfzentren,0,0,201600,0,9525665,605289,2623365,37,10928775,1110900,3832800,0
2021-03-27,149785,27705,104334,2,NA,0,0,0,0,9675450,632994,2727699,39,10928775,1110900,3832800,0
2021-03-28,115522,18563,62676,1,NA,0,0,0,0,9790972,651557,2790375,40,10928775,1110900,3832800,0
2021-03-29,189027,25030,92235,0,NA,0,0,0,0,9979999,676587,2882610,40,10928775,1110900,3832800,0
2021-03-30,219043,24522,86166,0,impfzentren,1427400,0,0,0,10199042,701109,2968776,40,12356175,1110900,3832800,0
2021-03-31,248008,36185,52813,0,NA,0,0,0,0,10447050,737294,3021589,40,12356175,1110900,3832800,0
2021-04-01,239651,32519,55418,0,NA,0,0,0,0,10686701,769813,3077007,40,12356175,1110900,3832800,0
2021-04-02,179826,14418,31877,0,impfzentren,0,650400,0,0,10866527,784231,3108884,40,12356175,1761300,3832800,0
2021-04-03,174500,15847,42025,0,impfzentren,0,0,1744800,0,11041027,800078,3150909,40,12356175,1761300,5577600,0
2021-04-04,132469,10057,50808,0,NA,0,0,0,0,11173496,810135,3201717,40,12356175,1761300,5577600,0
2021-04-05,165319,17892,65178,0,NA,0,0,0,0,11338815,828027,3266895,40,12356175,1761300,5577600,0
2021-04-06,255358,32249,86788,2,NA,0,0,0,0,11594173,860276,3353683,42,12356175,1761300,5577600,0
2021-04-07,542670,37129,89040,0,impfzentren,2737734,0,0,0,12136843,897405,3442723,42,15093909,1761300,5577600,0
2021-04-07,542670,37129,89040,0,arztpraxen,2737734,0,0,0,12679513,934534,3531763,42,17831643,1761300,5577600,0
2021-04-08,572065,35693,91893,0,NA,0,0,0,0,13251578,970227,3623656,42,17831643,1761300,5577600,0
2021-04-09,491109,36752,105315,1,NA,0,0,0,0,13742687,1006979,3728971,43,17831643,1761300,5577600,0
2021-04-10,248723,23270,101058,0,NA,0,0,0,0,13991410,1030249,3830029,43,17831643,1761300,5577600,0
2021-04-11,170618,18695,74987,0,NA,0,0,0,0,14162028,1048944,3905016,43,17831643,1761300,5577600,0
2021-04-12,279174,29282,110782,1,impfzentren,0,0,360000,0,14441202,1078226,4015798,44,17831643,1761300,5937600,0
2021-04-13,432686,27360,117569,0,impfzentren,2519669,0,0,0,14873888,1105586,4133367,44,20351312,1761300,5937600,0
2021-04-13,432686,27360,117569,0,arztpraxen,2519669,0,0,0,15306574,1132946,4250936,44,22870981,1761300,5937600,0
2021-04-14,617261,33609,125141,0,NA,0,0,0,0,15923835,1166555,4376077,44,22870981,1761300,5937600,0
2021-04-15,534648,36268,110281,1,NA,0,0,0,0,16458483,1202823,4486358,45,22870981,1761300,5937600,0
2021-04-16,438699,32689,126109,0,NA,0,0,0,0,16897182,1235512,4612467,45,22870981,1761300,5937600,0
2021-04-17,225111,22722,118653,0,impfzentren,0,42000,0,0,17122293,1258234,4731120,45,22870981,1803300,5937600,0
2021-04-18,172267,15415,82197,0,bund,0,72000,57600,0,17294560,1273649,4813317,45,22870981,1875300,5995200,0
2021-04-19,294142,32998,75705,1,NA,0,0,0,0,17588702,1306647,4889022,46,22870981,1875300,5995200,0
2021-04-20,382388,39309,139746,1,impfzentren,2517024,0,0,0,17971090,1345956,5028768,47,25388005,1875300,5995200,0
2021-04-20,382388,39309,139746,1,arztpraxen,2517024,0,556930,0,18353478,1385265,5168514,48,27905029,1875300,6552130,0
2021-04-21,454911,41760,225166,0,impfzentren,0,477600,0,0,18808389,1427025,5393680,48,27905029,2352900,6552130,0
2021-04-22,382160,43721,213386,0,NA,0,0,0,0,19190549,1470746,5607066,48,27905029,2352900,6552130,0
2021-04-23,353676,43652,159647,1,NA,0,0,0,0,19544225,1514398,5766713,49,27905029,2352900,6552130,0
2021-04-24,235302,49411,81503,0,impfzentren,0,0,196800,0,19779527,1563809,5848216,49,27905029,2352900,6748930,0
2021-04-25,187995,33725,61609,0,impfzentren,0,388800,0,256800,19967522,1597534,5909825,49,27905029,2741700,6748930,256800
2021-04-25,187995,33725,61609,0,bund,21060,388800,9600,256800,20155517,1631259,5971434,49,27926089,3130500,6758530,513600
2021-04-26,318175,42560,72688,71,impfzentren,1364220,0,0,0,20473692,1673819,6044122,120,29290309,3130500,6758530,513600
2021-04-27,677080,51578,56795,553,arztpraxen,2049432,0,70,0,21150772,1725397,6100917,673,31339741,3130500,6758600,513600
2021-04-28,1008654,60767,53586,833,impfzentren,0,0,144000,0,22159426,1786164,6154503,1506,31339741,3130500,6902600,513600
2021-04-29,824937,64012,57259,913,NA,0,0,0,0,22984363,1850176,6211762,2419,31339741,3130500,6902600,513600
2021-04-30,678948,57361,67375,901,impfzentren,0,376800,60000,0,23663311,1907537,6279137,3320,31339741,3507300,6962600,513600
2021-04-30,678948,57361,67375,901,bund,0,376800,0,0,24342259,1964898,6346512,4221,31339741,3884100,6962600,513600
2021-05-01,253094,41549,39466,2573,impfzentren,1825200,0,0,0,24595353,2006447,6385978,6794,33164941,3884100,6962600,513600
2021-05-01,253094,41549,39466,2573,bund,1825200,0,0,0,24848447,2047996,6425444,9367,34990141,3884100,6962600,513600
2021-05-02,195809,37561,30151,1809,NA,0,0,0,0,25044256,2085557,6455595,11176,34990141,3884100,6962600,513600
2021-05-03,318212,70663,61795,1590,impfzentren,0,0,60000,0,25362468,2156220,6517390,12766,34990141,3884100,7022600,513600
2021-05-04,626632,63551,150294,2966,arztpraxen,1535700,0,1100270,0,25989100,2219771,6667684,15732,36525841,3884100,8122870,513600
2021-05-04,626632,63551,150294,2966,impfzentren,0,0,0,216600,26615732,2283322,6817978,18698,36525841,3884100,8122870,730200
2021-05-04,626632,63551,150294,2966,bund,0,0,0,216600,27242364,2346873,6968272,21664,36525841,3884100,8122870,946800
2021-05-05,851800,79029,212551,4486,NA,0,0,0,0,28094164,2425902,7180823,26150,36525841,3884100,8122870,946800
2021-05-06,693454,92235,201601,4555,NA,0,0,0,0,28787618,2518137,7382424,30705,36525841,3884100,8122870,946800
2021-05-07,588155,86765,212540,4207,impfzentren,0,550800,0,0,29375773,2604902,7594964,34912,36525841,4434900,8122870,946800
2021-05-07,588155,86765,212540,4207,bund,0,550800,0,0,29963928,2691667,7807504,39119,36525841,4985700,8122870,946800
2021-05-08,268039,71963,84713,1718,impfzentren,1790100,0,0,0,30231967,2763630,7892217,40837,38315941,4985700,8122870,946800
2021-05-08,268039,71963,84713,1718,bund,1790100,0,0,0,30500006,2835593,7976930,42555,40106041,4985700,8122870,946800
2021-05-09,194129,56633,34710,1068,NA,0,0,0,0,30694135,2892226,8011640,43623,40106041,4985700,8122870,946800
2021-05-10,373497,81900,130689,3738,impfzentren,0,0,112800,0,31067632,2974126,8142329,47361,40106041,4985700,8235670,946800
2021-05-11,826326,80038,176373,3649,arztpraxen,1613010,0,880430,0,31893958,3054164,8318702,51010,41719051,4985700,9116100,946800
2021-05-12,1093954,91829,225313,5759,NA,0,0,0,0,32987912,3145993,8544015,56769,41719051,4985700,9116100,946800
2021-05-13,315619,66799,44556,2652,NA,0,0,0,0,33303531,3212792,8588571,59421,41719051,4985700,9116100,946800
2021-05-14,545641,64963,138633,7800,bund,0,0,850,0,33849172,3277755,8727204,67221,41719051,4985700,9116950,946800
2021-05-15,279468,60389,56469,4283,impfzentren,1825200,550800,0,0,34128640,3338144,8783673,71504,43544251,5536500,9116950,946800
2021-05-16,200025,52794,24953,4729,bund,35100,15200,0,0,34328665,3390938,8808626,76233,43579351,5551700,9116950,946800
2021-05-17,338583,85741,121544,9765,impfzentren,0,0,98400,0,34667248,3476679,8930170,85998,43579351,5551700,9215350,946800
2021-05-18,589818,101190,173576,7776,arztpraxen,1567314,0,754440,0,35257066,3577869,9103746,93774,45146665,5551700,9969790,946800
2021-05-19,804511,100296,181531,12166,NA,0,0,0,0,36061577,3678165,9285277,105940,45146665,5551700,9969790,946800
2021-05-20,684669,96577,156647,10844,NA,0,0,0,0,36746246,3774742,9441924,116784,45146665,5551700,9969790,946800
2021-05-21,596591,85778,157447,11894,impfzentren,0,520800,124800,0,37342837,3860520,9599371,128678,45146665,6072500,10094590,946800
2021-05-22,306538,69598,83863,14291,NA,0,0,0,0,37649375,3930118,9683234,142969,45146665,6072500,10094590,946800
2021-05-23,193129,59477,23927,8870,impfzentren,1852109,0,0,0,37842504,3989595,9707161,151839,46998774,6072500,10094590,946800
2021-05-23,193129,59477,23927,8870,bund,1852109,14400,0,0,38035633,4049072,9731088,160709,48850883,6086900,10094590,946800
2021-05-24,235930,61566,20669,8047,NA,0,0,0,0,38271563,4110638,9751757,168756,48850883,6086900,10094590,946800
2021-05-25,446911,79828,104120,25162,arztpraxen,1557786,0,513740,532355,38718474,4190466,9855877,193918,50408669,6086900,10608330,1479155
2021-05-26,885496,82424,134087,78277,NA,0,0,0,0,39603970,4272890,9989964,272195,50408669,6086900,10608330,1479155
2021-05-27,739538,89218,131710,81126,NA,0,0,0,0,40343508,4362108,10121674,353321,50408669,6086900,10608330,1479155
2021-05-28,604004,86255,130590,83867,NA,0,0,0,0,40947512,4448363,10252264,437188,50408669,6086900,10608330,1479155
2021-05-29,262412,62658,58015,27798,NA,0,0,0,0,41209924,4511021,10310279,464986,50408669,6086900,10608330,1479155
2021-05-30,197391,47068,28394,11034,impfzentren,1760850,554900,0,0,41407315,4558089,10338673,476020,52169519,6641800,10608330,1479155
2021-05-30,197391,47068,28394,11034,bund,1760850,554900,0,0,41604706,4605157,10367067,487054,53930369,7196700,10608330,1479155
2021-05-31,367673,67515,69734,42486,NA,0,0,0,0,41972379,4672672,10436801,529540,53930369,7196700,10608330,1479155
2021-06-01,734087,79909,90630,84570,arztpraxen,2176062,0,0,714340,42706466,4752581,10527431,614110,56106431,7196700,10608330,2193495
2021-06-02,989555,72665,82338,104879,NA,0,0,0,0,43696021,4825246,10609769,718989,56106431,7196700,10608330,2193495
2021-06-03,475458,64373,50274,53238,NA,0,0,0,0,44171479,4889619,10660043,772227,56106431,7196700,10608330,2193495
2021-06-04,586181,71332,76990,77229,arztpraxen,0,0,384280,0,44757660,4960951,10737033,849456,56106431,7196700,10992610,2193495
2021-06-04,586181,71332,76990,77229,impfzentren,0,0,384280,0,45343841,5032283,10814023,926685,56106431,7196700,11376890,2193495
2021-06-05,271302,67040,44272,30614,NA,0,0,0,0,45615143,5099323,10858295,957299,56106431,7196700,11376890,2193495
2021-06-06,205959,41052,27277,18248,impfzentren,1712880,561180,0,0,45821102,5140375,10885572,975547,57819311,7757880,11376890,2193495
2021-06-06,205959,41052,27277,18248,bund,1712880,561180,0,0,46027061,5181427,10912849,993795,59532191,8319060,11376890,2193495
2021-06-07,402491,85194,72605,54483,NA,0,0,0,0,46429552,5266621,10985454,1048278,59532191,8319060,11376890,2193495
2021-06-08,850400,75468,63002,68357,arztpraxen,3367482,0,1020830,520265,47279952,5342089,11048456,1116635,62899673,8319060,12397720,2713760
2021-06-08,850400,75468,63002,68357,betriebe,3367482,0,0,0,48130352,5417557,11111458,1184992,66267155,8319060,12397720,2713760
2021-06-08,850400,75468,63002,68357,impfzentren,0,0,1020830,0,48980752,5493025,11174460,1253349,66267155,8319060,13418550,2713760
2021-06-09,1179652,87353,64063,95800,NA,0,0,0,0,50160404,5580378,11238523,1349149,66267155,8319060,13418550,2713760
2021-06-10,959561,89858,55847,88452,NA,0,0,0,0,51119965,5670236,11294370,1437601,66267155,8319060,13418550,2713760
2021-06-11,810345,89118,69140,96787,NA,0,0,0,0,51930310,5759354,11363510,1534388,66267155,8319060,13418550,2713760
2021-06-12,285305,71979,43468,35244,NA,0,0,0,0,52215615,5831333,11406978,1569632,66267155,8319060,13418550,2713760
2021-06-13,179809,63550,25824,13793,impfzentren,1649700,0,0,0,52395424,5894883,11432802,1583425,67916855,8319060,13418550,2713760
2021-06-13,179809,63550,25824,13793,bund,1649700,13200,0,0,52575233,5958433,11458626,1597218,69566555,8332260,13418550,2713760
2021-06-14,432047,101404,67466,55239,impfzentren,0,537600,0,0,53007280,6059837,11526092,1652457,69566555,8869860,13418550,2713760
2021-06-15,801483,104738,84646,59088,arztpraxen,3051588,0,1137300,235670,53808763,6164575,11610738,1711545,72618143,8869860,14555850,2949430
2021-06-15,801483,104738,84646,59088,betriebe,3051588,0,0,0,54610246,6269313,11695384,1770633,75669731,8869860,14555850,2949430
2021-06-15,801483,104738,84646,59088,impfzentren,0,0,1137300,0,55411729,6374051,11780030,1829721,75669731,8869860,15693150,2949430
2021-06-16,1104919,106625,96744,76290,NA,0,0,0,0,56516648,6480676,11876774,1906011,75669731,8869860,15693150,2949430
2021-06-17,885099,103672,92185,68279,NA,0,0,0,0,57401747,6584348,11968959,1974290,75669731,8869860,15693150,2949430
2021-06-18,734335,94537,96420,68851,NA,0,0,0,0,58136082,6678885,12065379,2043141,75669731,8869860,15693150,2949430
2021-06-19,273190,82427,50958,21144,NA,0,0,0,0,58409272,6761312,12116337,2064285,75669731,8869860,15693150,2949430
2021-06-20,178996,71455,31857,12814,impfzentren,1567800,0,0,0,58588268,6832767,12148194,2077099,77237531,8869860,15693150,2949430
2021-06-20,178996,71455,31857,12814,bund,1567800,0,0,0,58767264,6904222,12180051,2089913,78805331,8869860,15693150,2949430
2021-06-21,412250,97758,85588,36376,impfzentren,0,583200,0,0,59179514,7001980,12265639,2126289,78805331,9453060,15693150,2949430
2021-06-22,846539,95994,102722,34293,arztpraxen,3518118,0,929360,0,60026053,7097974,12368361,2160582,82323449,9453060,16622510,2949430
2021-06-22,846539,95994,102722,34293,impfzentren,0,0,929360,0,60872592,7193968,12471083,2194875,82323449,9453060,17551870,2949430
2021-06-22,846539,95994,102722,34293,betriebe,3518118,0,0,192000,61719131,7289962,12573805,2229168,85841567,9453060,17551870,3141430
2021-06-23,1090698,96185,115675,34749,NA,0,0,0,0,62809829,7386147,12689480,2263917,85841567,9453060,17551870,3141430
2021-06-24,798875,87435,110783,40479,impfzentren,0,0,0,228000,63608704,7473582,12800263,2304396,85841567,9453060,17551870,3369430
2021-06-25,695312,76641,109966,40405,impfzentren,0,613200,0,0,64304016,7550223,12910229,2344801,85841567,10066260,17551870,3369430
2021-06-26,255442,69105,72596,13264,NA,0,0,0,0,64559458,7619328,12982825,2358065,85841567,10066260,17551870,3369430
2021-06-27,172977,58155,56786,4121,impfzentren,1769040,0,0,0,64732435,7677483,13039611,2362186,87610607,10066260,17551870,3369430
2021-06-27,172977,58155,56786,4121,bund,1769040,7200,0,0,64905412,7735638,13096397,2366307,89379647,10073460,17551870,3369430
2021-06-28,401449,90065,113814,24460,NA,0,0,0,0,65306861,7825703,13210211,2390767,89379647,10073460,17551870,3369430
2021-06-29,686480,93036,132818,22555,arztpraxen,3484770,0,479230,0,65993341,7918739,13343029,2413322,92864417,10073460,18031100,3369430
2021-06-29,686480,93036,132818,22555,betriebe,3484770,0,0,0,66679821,8011775,13475847,2435877,96349187,10073460,18031100,3369430
2021-06-30,771288,94182,136656,22841,NA,0,0,0,0,67451109,8105957,13612503,2458718,96349187,10073460,18031100,3369430
2021-07-01,745253,83560,132850,22756,impfzentren,0,0,691200,0,68196362,8189517,13745353,2481474,96349187,10073460,18722300,3369430
2021-07-02,652011,95012,79252,22231,impfzentren,0,0,0,721100,68848373,8284529,13824605,2503705,96349187,10073460,18722300,4090530
2021-07-03,256190,79372,27153,15221,NA,0,0,0,0,69104563,8363901,13851758,2518926,96349187,10073460,18722300,4090530
2021-07-04,181864,68189,14540,8922,impfzentren,1105649,0,0,0,69286427,8432090,13866298,2527848,97454836,10073460,18722300,4090530
2021-07-05,388523,94646,39586,14869,impfzentren,0,876000,0,0,69674950,8526736,13905884,2542717,97454836,10949460,18722300,4090530
2021-07-06,619983,99352,45327,15754,betriebe,2634774,0,0,258360,70294933,8626088,13951211,2558471,100089610,10949460,18722300,4348890
2021-07-06,619983,99352,45327,15754,arztpraxen,2634774,0,2102920,0,70914916,8725440,13996538,2574225,102724384,10949460,20825220,4348890
2021-07-06,619983,99352,45327,15754,impfzentren,0,0,2102920,0,71534899,8824792,14041865,2589979,102724384,10949460,22928140,4348890
2021-07-07,832147,96017,51363,19139,NA,0,0,0,0,72367046,8920809,14093228,2609118,102724384,10949460,22928140,4348890
2021-07-08,686700,101563,42639,19456,NA,0,0,0,0,73053746,9022372,14135867,2628574,102724384,10949460,22928140,4348890
2021-07-09,596642,99003,43208,20652,bund,13710,0,0,0,73650388,9121375,14179075,2649226,102738094,10949460,22928140,4348890
2021-07-10,228801,84269,21121,9781,NA,0,0,0,0,73879189,9205644,14200196,2659007,102738094,10949460,22928140,4348890
2021-07-11,146013,63635,10282,8298,bund,0,0,0,200,74025202,9269279,14210478,2667305,102738094,10949460,22928140,4349090
2021-07-11,146013,63635,10282,8298,impfzentren,1105650,0,0,0,74171215,9332914,14220760,2675603,103843744,10949460,22928140,4349090
2021-07-12,351860,79604,24038,14114,impfzentren,0,1327200,0,0,74523075,9412518,14244798,2689717,103843744,12276660,22928140,4349090
2021-07-13,631131,78043,34637,19970,betriebe,2865282,0,0,129465,75154206,9490561,14279435,2709687,106709026,12276660,22928140,4478555
2021-07-13,631131,78043,34637,19970,arztpraxen,2865282,0,80280,129465,75785337,9568604,14314072,2729657,109574308,12276660,23008420,4608020
2021-07-14,834832,72163,47140,23054,NA,0,0,0,0,76620169,9640767,14361212,2752711,109574308,12276660,23008420,4608020
2021-07-15,636790,71200,38570,22620,NA,0,0,0,0,77256959,9711967,14399782,2775331,109574308,12276660,23008420,4608020
2021-07-16,542844,64553,31967,22239,NA,0,0,0,0,77799803,9776520,14431749,2797570,109574308,12276660,23008420,4608020
2021-07-17,174804,63233,15656,18578,NA,0,0,0,0,77974607,9839753,14447405,2816148,109574308,12276660,23008420,4608020
2021-07-18,135991,41608,11456,11253,impfzentren,1105650,0,0,0,78110598,9881361,14458861,2827401,110679958,12276660,23008420,4608020
2021-07-19,297745,50706,19801,14264,NA,0,0,0,0,78408343,9932067,14478662,2841665,110679958,12276660,23008420,4608020
2021-07-20,524226,48594,21951,14343,betriebe,2106294,0,0,1765,78932569,9980661,14500613,2856008,112786252,12276660,23008420,4609785
2021-07-20,524226,48594,21951,14343,arztpraxen,2106294,0,45750,1765,79456795,10029255,14522564,2870351,114892546,12276660,23054170,4611550
2021-07-21,674295,46173,22791,13887,impfzentren,0,0,0,12000,80131090,10075428,14545355,2884238,114892546,12276660,23054170,4623550
2021-07-22,547016,43497,18850,13616,impfzentren,0,93600,0,0,80678106,10118925,14564205,2897854,114892546,12370260,23054170,4623550
2021-07-23,492203,42358,18555,18334,NA,0,0,0,0,81170309,10161283,14582760,2916188,114892546,12370260,23054170,4623550
2021-07-24,154250,37523,7741,11981,NA,0,0,0,0,81324559,10198806,14590501,2928169,114892546,12370260,23054170,4623550
2021-07-25,83934,31479,3278,5897,impfzentren,1105650,0,0,0,81408493,10230285,14593779,2934066,115998196,12370260,23054170,4623550
2021-07-26,275513,39927,12376,11106,impfzentren,0,888300,0,0,81684006,10270212,14606155,2945172,115998196,13258560,23054170,4623550
2021-07-27,479230,42298,19911,12964,betriebe,1734324,0,0,28660,82163236,10312510,14626066,2958136,117732520,13258560,23054170,4652210
2021-07-27,479230,42298,19911,12964,arztpraxen,1734324,0,38160,28660,82642466,10354808,14645977,2971100,119466844,13258560,23092330,4680870
2021-07-27,479230,42298,19911,12964,impfzentren,0,0,0,28660,83121696,10397106,14665888,2984064,119466844,13258560,23092330,4709530
2021-07-28,606766,47014,23355,13797,impfzentren,0,951600,0,0,83728462,10444120,14689243,2997861,119466844,14210160,23092330,4709530
2021-07-29,500265,43535,19833,14770,NA,0,0,0,0,84228727,10487655,14709076,3012631,119466844,14210160,23092330,4709530
2021-07-30,419072,45335,17163,16107,NA,0,0,0,0,84647799,10532990,14726239,3028738,119466844,14210160,23092330,4709530
2021-07-31,140882,35913,6015,12492,NA,0,0,0,0,84788681,10568903,14732254,3041230,119466844,14210160,23092330,4709530
2021-08-01,83937,25117,2315,5876,impfzentren,883350,0,0,0,84872618,10594020,14734569,3047106,120350194,14210160,23092330,4709530
2021-08-02,239768,33475,9121,11282,impfzentren,0,560400,0,0,85112386,10627495,14743690,3058388,120350194,14770560,23092330,4709530
2021-08-03,398677,38467,11941,13201,betriebe,1437024,0,0,62645,85511063,10665962,14755631,3071589,121787218,14770560,23092330,4772175
2021-08-03,398677,38467,11941,13201,arztpraxen,1437024,0,27140,62645,85909740,10704429,14767572,3084790,123224242,14770560,23119470,4834820
2021-08-04,511946,36488,11266,12797,NA,0,0,0,0,86421686,10740917,14778838,3097587,123224242,14770560,23119470,4834820
2021-08-05,455381,39839,7989,14449,NA,0,0,0,0,86877067,10780756,14786827,3112036,123224242,14770560,23119470,4834820
2021-08-06,382572,35915,7322,15258,NA,0,0,0,0,87259639,10816671,14794149,3127294,123224242,14770560,23119470,4834820
2021-08-07,138867,31905,1543,13004,NA,0,0,0,0,87398506,10848576,14795692,3140298,123224242,14770560,23119470,4834820
2021-08-08,89527,21810,919,3996,impfzentren,877500,0,0,0,87488033,10870386,14796611,3144294,124101742,14770560,23119470,4834820
2021-08-09,238598,41595,5331,8984,impfzentren,0,410400,0,0,87726631,10911981,14801942,3153278,124101742,15180960,23119470,4834820
2021-08-10,367740,42716,7869,11273,betriebe,1185894,0,0,42615,88094371,10954697,14809811,3164551,125287636,15180960,23119470,4877435
2021-08-10,367740,42716,7869,11273,arztpraxen,1185894,0,24330,42615,88462111,10997413,14817680,3175824,126473530,15180960,23143800,4920050
2021-08-11,469321,47224,9699,15744,NA,0,0,0,0,88931432,11044637,14827379,3191568,126473530,15180960,23143800,4920050
2021-08-12,407854,38437,6976,18721,NA,0,0,0,0,89339286,11083074,14834355,3210289,126473530,15180960,23143800,4920050
2021-08-13,355534,41134,6523,19615,NA,0,0,0,0,89694820,11124208,14840878,3229904,126473530,15180960,23143800,4920050
2021-08-14,146013,32272,1370,15619,NA,0,0,0,0,89840833,11156480,14842248,3245523,126473530,15180960,23143800,4920050
2021-08-15,89073,20821,685,7507,impfzentren,508950,0,0,0,89929906,11177301,14842933,3253030,126982480,15180960,23143800,4920050
2021-08-16,215332,33126,2836,13657,arztpraxen,12624,0,0,0,90145238,11210427,14845769,3266687,126995104,15180960,23143800,4920050
2021-08-16,215332,33126,2836,13657,impfzentren,0,87600,0,0,90360570,11243553,14848605,3280344,126995104,15268560,23143800,4920050
2021-08-17,310077,29693,5786,15314,betriebe,881214,0,0,51480,90670647,11273246,14854391,3295658,127876318,15268560,23143800,4971530
2021-08-17,310077,29693,5786,15314,arztpraxen,881214,0,16160,51480,90980724,11302939,14860177,3310972,128757532,15268560,23159960,5023010
2021-08-17,310077,29693,5786,15314,impfzentren,0,0,0,51480,91290801,11332632,14865963,3326286,128757532,15268560,23159960,5074490
2021-08-18,367139,30343,6054,18187,NA,0,0,0,0,91657940,11362975,14872017,3344473,128757532,15268560,23159960,5074490
2021-08-19,284625,26303,4542,18088,NA,0,0,0,0,91942565,11389278,14876559,3362561,128757532,15268560,23159960,5074490
2021-08-20,290551,23868,5173,21491,impfzentren,0,0,-2437600,-73400,92233116,11413146,14881732,3384052,128757532,15268560,20722360,5001090
2021-08-21,119800,21034,725,14111,NA,0,0,0,0,92352916,11434180,14882457,3398163,128757532,15268560,20722360,5001090
2021-08-22,72016,15500,278,5938,impfzentren,421200,0,0,0,92424932,11449680,14882735,3404101,129178732,15268560,20722360,5001090
2021-08-23,185827,29123,3623,13607,NA,0,0,0,0,92610759,11478803,14886358,3417708,129178732,15268560,20722360,5001090
2021-08-24,250804,25835,3874,16165,arztpraxen,689964,0,11980,35735,92861563,11504638,14890232,3433873,129868696,15268560,20734340,5036825
2021-08-24,250804,25835,3874,16165,impfzentren,0,0,0,35735,93112367,11530473,14894106,3450038,129868696,15268560,20734340,5072560
2021-08-24,250804,25835,3874,16165,betriebe,689964,0,0,35735,93363171,11556308,14897980,3466203,130558660,15268560,20734340,5108295
2021-08-25,294261,24888,3751,18071,NA,0,0,0,0,93657432,11581196,14901731,3484274,130558660,15268560,20734340,5108295
2021-08-26,256007,22137,3141,18098,NA,0,0,0,0,93913439,11603333,14904872,3502372,130558660,15268560,20734340,5108295
2021-08-27,208211,22368,2497,18407,NA,0,0,0,0,94121650,11625701,14907369,3520779,130558660,15268560,20734340,5108295
2021-08-28,105259,15264,526,14310,NA,0,0,0,0,94226909,11640965,14907895,3535089,130558660,15268560,20734340,5108295
2021-08-29,69935,8410,155,6414,impfzentren,152100,0,0,0,94296844,11649375,14908050,3541503,130710760,15268560,20734340,5108295
2021-08-30,159101,17029,1887,12791,NA,0,0,0,0,94455945,11666404,14909937,3554294,130710760,15268560,20734340,5108295
2021-08-31,210399,15746,1661,13694,arztpraxen,766716,0,9080,70740,94666344,11682150,14911598,3567988,131477476,15268560,20743420,5179035
2021-08-31,210399,15746,1661,13694,impfzentren,0,0,0,70740,94876743,11697896,14913259,3581682,131477476,15268560,20743420,5249775
2021-08-31,210399,15746,1661,13694,betriebe,766716,0,0,0,95087142,11713642,14914920,3595376,132244192,15268560,20743420,5249775
2021-09-01,256393,14609,2413,14332,NA,0,0,0,0,95343535,11728251,14917333,3609708,132244192,15268560,20743420,5249775
2021-09-02,225865,12717,1941,13913,NA,0,0,0,0,95569400,11740968,14919274,3623621,132244192,15268560,20743420,5249775
2021-09-03,212065,10991,1783,14587,impfzentren,0,0,-754900,0,95781465,11751959,14921057,3638208,132244192,15268560,19988520,5249775
2021-09-04,86775,8302,329,9165,NA,0,0,0,0,95868240,11760261,14921386,3647373,132244192,15268560,19988520,5249775
2021-09-05,52476,5599,180,4876,impfzentren,81900,0,0,0,95920716,11765860,14921566,3652249,132326092,15268560,19988520,5249775
2021-09-06,131499,9300,1835,8425,NA,0,0,0,0,96052215,11775160,14923401,3660674,132326092,15268560,19988520,5249775
2021-09-07,198201,8986,1954,10251,NA,0,0,0,0,96250416,11784146,14925355,3670925,132326092,15268560,19988520,5249775
2021-09-08,230590,11763,1294,11495,NA,0,0,0,0,96481006,11795909,14926649,3682420,132326092,15268560,19988520,5249775
2021-09-09,220597,10591,1146,11458,NA,0,0,0,0,96701603,11806500,14927795,3693878,132326092,15268560,19988520,5249775
