date,administered_doses_pfizer,administered_doses_moderna,administered_doses_astrazeneca,administered_doses_jj,einrichtung,delivered_doses_pfizer,delivered_doses_moderna,delivered_doses_astrazeneca,delivered_doses_jj,cum_administered_doses_pfizer,cum_administered_doses_moderna,cum_administered_doses_astrazeneca,cum_administered_doses_jj,cum_delivered_doses_pfizer,cum_delivered_doses_moderna,cum_delivered_doses_astrazeneca,cum_delivered_doses_jj
2020-12-26,0,0,0,0,impfzentren,151125,0,0,0,0,0,0,0,151125,0,0,0
2020-12-27,24155,2,0,0,NA,0,0,0,0,24155,2,0,0,151125,0,0,0
2020-12-28,18031,0,0,0,impfzentren,521625,0,0,0,42186,2,0,0,672750,0,0,0
2020-12-29,50203,0,1,0,NA,0,0,0,0,92389,2,1,0,672750,0,0,0
2020-12-30,63827,0,0,0,impfzentren,653250,0,0,0,156216,2,1,0,1326000,0,0,0
2020-12-31,49830,0,0,0,NA,0,0,0,0,206046,2,1,0,1326000,0,0,0
2021-01-01,25427,5,3,0,NA,0,0,0,0,231473,7,4,0,1326000,0,0,0
2021-01-02,48060,0,0,0,NA,0,0,0,0,279533,7,4,0,1326000,0,0,0
2021-01-03,22442,2,0,0,NA,0,0,0,0,301975,9,4,0,1326000,0,0,0
2021-01-04,45942,1,0,0,NA,0,0,0,0,347917,10,4,0,1326000,0,0,0
2021-01-05,52344,1,0,0,NA,0,0,0,0,400261,11,4,0,1326000,0,0,0
2021-01-06,62678,6,3,0,NA,0,0,0,0,462939,17,7,0,1326000,0,0,0
2021-01-07,54690,4,2,1,NA,0,0,0,0,517629,21,9,1,1326000,0,0,0
2021-01-08,62321,51,1,0,impfzentren,687375,0,0,0,579950,72,10,1,2013375,0,0,0
2021-01-09,60165,3,1,0,NA,0,0,0,0,640115,75,11,1,2013375,0,0,0
2021-01-10,35773,9,0,0,NA,0,0,0,0,675888,84,11,1,2013375,0,0,0
2021-01-11,67954,14,2,0,NA,0,0,0,0,743842,98,13,1,2013375,0,0,0
2021-01-12,78733,15,1,0,impfzentren,0,63600,0,0,822575,113,14,1,2013375,63600,0,0
2021-01-13,110349,1173,0,0,NA,0,0,0,0,932924,1286,14,1,2013375,63600,0,0
2021-01-14,78626,5156,0,0,NA,0,0,0,0,1011550,6442,14,1,2013375,63600,0,0
2021-01-15,85998,5276,5,0,NA,0,0,0,0,1097548,11718,19,1,2013375,63600,0,0
2021-01-16,56015,1681,1,0,NA,0,0,0,0,1153563,13399,20,1,2013375,63600,0,0
2021-01-17,46179,1262,1,1,NA,0,0,0,0,1199742,14661,21,2,2013375,63600,0,0
2021-01-18,78276,4153,1,0,NA,0,0,0,0,1278018,18814,22,2,2013375,63600,0,0
2021-01-19,115722,3678,9,0,impfzentren,842400,0,0,0,1393740,22492,31,2,2855775,63600,0,0
2021-01-20,129290,2754,3,0,NA,0,0,0,0,1523030,25246,34,2,2855775,63600,0,0
2021-01-21,102343,2747,1,0,NA,0,0,0,0,1625373,27993,35,2,2855775,63600,0,0
2021-01-22,99483,2190,9,0,NA,0,0,0,0,1724856,30183,44,2,2855775,63600,0,0
2021-01-23,86235,354,3,0,NA,0,0,0,0,1811091,30537,47,2,2855775,63600,0,0
2021-01-24,47032,199,4,0,NA,0,0,0,0,1858123,30736,51,2,2855775,63600,0,0
2021-01-25,89525,1419,3,0,NA,0,0,0,0,1947648,32155,54,2,2855775,63600,0,0
2021-01-26,96155,1438,7,0,impfzentren,489060,0,0,0,2043803,33593,61,2,3344835,63600,0,0
2021-01-27,107631,1790,8,1,NA,0,0,0,0,2151434,35383,69,3,3344835,63600,0,0
2021-01-28,91244,1629,3,0,NA,0,0,0,0,2242678,37012,72,3,3344835,63600,0,0
2021-01-29,106463,1481,8,0,NA,0,0,0,0,2349141,38493,80,3,3344835,63600,0,0
2021-01-30,87347,880,2,0,NA,0,0,0,0,2436488,39373,82,3,3344835,63600,0,0
2021-01-31,56770,377,5,0,impfzentren,0,90000,0,0,2493258,39750,87,3,3344835,153600,0,0
2021-02-01,117522,2212,51,0,NA,0,0,0,0,2610780,41962,138,3,3344835,153600,0,0
2021-02-02,129437,3072,13,0,impfzentren,747630,0,0,0,2740217,45034,151,3,4092465,153600,0,0
2021-02-03,156164,6331,26,0,NA,0,0,0,0,2896381,51365,177,3,4092465,153600,0,0
2021-02-04,128415,5840,5,0,NA,0,0,0,0,3024796,57205,182,3,4092465,153600,0,0
2021-02-05,140842,6463,8,0,NA,0,0,0,0,3165638,63668,190,3,4092465,153600,0,0
2021-02-06,91390,2630,1,0,impfzentren,0,0,345600,0,3257028,66298,191,3,4092465,153600,345600,0
2021-02-07,51177,2332,2,1,NA,0,0,0,0,3308205,68630,193,4,4092465,153600,345600,0
2021-02-08,105245,3831,29,1,NA,0,0,0,0,3413450,72461,222,5,4092465,153600,345600,0
2021-02-09,130789,3438,113,0,impfzentren,747630,0,0,0,3544239,75899,335,5,4840095,153600,345600,0
2021-02-10,142260,4251,8352,0,NA,0,0,0,0,3686499,80150,8687,5,4840095,153600,345600,0
2021-02-11,120446,7281,16346,2,NA,0,0,0,0,3806945,87431,25033,7,4840095,153600,345600,0
2021-02-12,132188,9319,14275,3,impfzentren,0,0,391200,0,3939133,96750,39308,10,4840095,153600,736800,0
2021-02-13,90909,3261,13371,1,NA,0,0,0,0,4030042,100011,52679,11,4840095,153600,736800,0
2021-02-14,55534,2478,7256,1,NA,0,0,0,0,4085576,102489,59935,12,4840095,153600,736800,0
2021-02-15,104730,5273,15480,1,impfzentren,0,182400,0,0,4190306,107762,75415,13,4840095,336000,736800,0
2021-02-16,108422,6161,19619,1,impfzentren,904410,0,0,0,4298728,113923,95034,14,5744505,336000,736800,0
2021-02-17,122272,8014,20798,1,NA,0,0,0,0,4421000,121937,115832,15,5744505,336000,736800,0
2021-02-18,112311,8235,23881,5,NA,0,0,0,0,4533311,130172,139713,20,5744505,336000,736800,0
2021-02-19,121138,9974,27482,1,impfzentren,0,0,715200,0,4654449,140146,167195,21,5744505,336000,1452000,0
2021-02-20,86567,4470,21256,1,NA,0,0,0,0,4741016,144616,188451,22,5744505,336000,1452000,0
2021-02-21,66617,3644,15716,1,NA,0,0,0,0,4807633,148260,204167,23,5744505,336000,1452000,0
2021-02-22,122967,8952,23670,1,NA,0,0,0,0,4930600,157212,227837,24,5744505,336000,1452000,0
2021-02-23,134087,7232,28939,1,impfzentren,926640,0,0,0,5064687,164444,256776,25,6671145,336000,1452000,0
2021-02-24,131795,7623,36738,1,NA,0,0,0,0,5196482,172067,293514,26,6671145,336000,1452000,0
2021-02-25,131556,6769,50960,0,NA,0,0,0,0,5328038,178836,344474,26,6671145,336000,1452000,0
2021-02-26,141526,8850,62974,0,NA,0,0,0,0,5469564,187686,407448,26,6671145,336000,1452000,0
2021-02-27,92851,4086,51078,0,impfzentren,0,342900,0,0,5562415,191772,458526,26,6671145,678900,1452000,0
2021-02-28,61541,3964,37709,1,NA,0,0,0,0,5623956,195736,496235,27,6671145,678900,1452000,0
2021-03-01,130424,9637,58442,0,NA,0,0,0,0,5754380,205373,554677,27,6671145,678900,1452000,0
2021-03-02,140355,10044,68944,0,impfzentren,1014390,0,650400,0,5894735,215417,623621,27,7685535,678900,2102400,0
2021-03-03,158038,15120,74576,0,NA,0,0,0,0,6052773,230537,698197,27,7685535,678900,2102400,0
2021-03-04,141439,14488,89284,0,NA,0,0,0,0,6194212,245025,787481,27,7685535,678900,2102400,0
2021-03-05,148222,13386,113227,1,NA,0,0,0,0,6342434,258411,900708,28,7685535,678900,2102400,0
2021-03-06,109394,8861,84369,0,NA,0,0,0,0,6451828,267272,985077,28,7685535,678900,2102400,0
2021-03-07,79851,6665,61239,0,NA,0,0,0,0,6531679,273937,1046316,28,7685535,678900,2102400,0
2021-03-08,134124,10972,92738,0,NA,0,0,0,0,6665803,284909,1139054,28,7685535,678900,2102400,0
2021-03-09,140325,12796,99518,0,impfzentren,1083420,0,960000,0,6806128,297705,1238572,28,8768955,678900,3062400,0
2021-03-10,159449,12237,117595,1,NA,0,0,0,0,6965577,309942,1356167,29,8768955,678900,3062400,0
2021-03-11,147827,13738,123038,0,NA,0,0,0,0,7113404,323680,1479205,29,8768955,678900,3062400,0
2021-03-12,151813,17318,157867,0,NA,0,0,0,0,7265217,340998,1637072,29,8768955,678900,3062400,0
2021-03-13,116170,9587,115150,0,NA,0,0,0,0,7381387,350585,1752222,29,8768955,678900,3062400,0
2021-03-14,88180,5520,76550,0,NA,0,0,0,0,7469567,356105,1828772,29,8768955,678900,3062400,0
2021-03-15,153058,12689,82522,0,impfzentren,0,0,364800,0,7622625,368794,1911294,29,8768955,678900,3427200,0
2021-03-16,166850,11288,1018,0,impfzentren,1083420,0,0,0,7789475,380082,1912312,29,9852375,678900,3427200,0
2021-03-17,186572,18024,746,0,NA,0,0,0,0,7976047,398106,1913058,29,9852375,678900,3427200,0
2021-03-18,174480,18221,1161,0,NA,0,0,0,0,8150527,416327,1914219,29,9852375,678900,3427200,0
2021-03-19,185941,20864,38634,0,NA,0,0,0,0,8336468,437191,1952853,29,9852375,678900,3427200,0
2021-03-20,135524,15316,69615,0,NA,0,0,0,0,8471992,452507,2022468,29,9852375,678900,3427200,0
2021-03-21,102342,9211,53198,0,impfzentren,0,432000,0,0,8574334,461718,2075666,29,9852375,1110900,3427200,0
2021-03-22,166683,23878,79130,0,NA,0,0,0,0,8741017,485596,2154796,29,9852375,1110900,3427200,0
2021-03-23,181940,19758,99689,0,impfzentren,1076400,0,204000,0,8922957,505354,2254485,29,10928775,1110900,3631200,0
2021-03-24,200379,33121,106073,1,NA,0,0,0,0,9123336,538475,2360558,30,10928775,1110900,3631200,0
2021-03-25,185773,27685,119664,0,NA,0,0,0,0,9309109,566160,2480222,30,10928775,1110900,3631200,0
2021-03-26,199994,37303,137394,1,impfzentren,0,0,201600,0,9509103,603463,2617616,31,10928775,1110900,3832800,0
2021-03-27,149742,27668,104270,1,NA,0,0,0,0,9658845,631131,2721886,32,10928775,1110900,3832800,0
2021-03-28,115472,18543,62631,0,NA,0,0,0,0,9774317,649674,2784517,32,10928775,1110900,3832800,0
2021-03-29,188875,25039,92098,0,NA,0,0,0,0,9963192,674713,2876615,32,10928775,1110900,3832800,0
2021-03-30,218814,24488,86020,0,impfzentren,1427400,0,0,0,10182006,699201,2962635,32,12356175,1110900,3832800,0
2021-03-31,247909,36141,52750,0,NA,0,0,0,0,10429915,735342,3015385,32,12356175,1110900,3832800,0
2021-04-01,239347,32491,55383,0,NA,0,0,0,0,10669262,767833,3070768,32,12356175,1110900,3832800,0
2021-04-02,179770,14408,31850,0,impfzentren,0,650400,0,0,10849032,782241,3102618,32,12356175,1761300,3832800,0
2021-04-03,174418,15810,41985,0,impfzentren,0,0,1744800,0,11023450,798051,3144603,32,12356175,1761300,5577600,0
2021-04-04,132376,10071,50747,0,NA,0,0,0,0,11155826,808122,3195350,32,12356175,1761300,5577600,0
2021-04-05,165245,17883,65101,0,NA,0,0,0,0,11321071,826005,3260451,32,12356175,1761300,5577600,0
2021-04-06,255229,32215,86719,2,NA,0,0,0,0,11576300,858220,3347170,34,12356175,1761300,5577600,0
2021-04-07,542491,37105,88873,0,impfzentren,2737734,0,0,0,12118791,895325,3436043,34,15093909,1761300,5577600,0
2021-04-07,542491,37105,88873,0,arztpraxen,2737734,0,0,0,12661282,932430,3524916,34,17831643,1761300,5577600,0
2021-04-08,571821,35669,91821,0,NA,0,0,0,0,13233103,968099,3616737,34,17831643,1761300,5577600,0
2021-04-09,490883,36729,105255,0,NA,0,0,0,0,13723986,1004828,3721992,34,17831643,1761300,5577600,0
2021-04-10,248702,23258,101012,0,NA,0,0,0,0,13972688,1028086,3823004,34,17831643,1761300,5577600,0
2021-04-11,170560,18692,74967,0,NA,0,0,0,0,14143248,1046778,3897971,34,17831643,1761300,5577600,0
2021-04-12,279171,29281,110545,1,impfzentren,0,0,360000,0,14422419,1076059,4008516,35,17831643,1761300,5937600,0
2021-04-13,432422,27357,117461,0,impfzentren,2519669,0,0,0,14854841,1103416,4125977,35,20351312,1761300,5937600,0
2021-04-13,432422,27357,117461,0,arztpraxen,2519669,0,0,0,15287263,1130773,4243438,35,22870981,1761300,5937600,0
2021-04-14,616884,33600,125090,0,NA,0,0,0,0,15904147,1164373,4368528,35,22870981,1761300,5937600,0
2021-04-15,534517,36134,110092,1,NA,0,0,0,0,16438664,1200507,4478620,36,22870981,1761300,5937600,0
2021-04-16,438534,32515,125949,0,NA,0,0,0,0,16877198,1233022,4604569,36,22870981,1761300,5937600,0
2021-04-17,225091,22716,118576,0,impfzentren,0,42000,0,0,17102289,1255738,4723145,36,22870981,1803300,5937600,0
2021-04-18,172215,15411,82184,0,bund,0,72000,57600,0,17274504,1271149,4805329,36,22870981,1875300,5995200,0
2021-04-19,294034,32988,75555,1,NA,0,0,0,0,17568538,1304137,4880884,37,22870981,1875300,5995200,0
2021-04-20,382201,39297,139617,1,impfzentren,2517024,0,0,0,17950739,1343434,5020501,38,25388005,1875300,5995200,0
2021-04-20,382201,39297,139617,1,arztpraxen,2517024,0,556930,0,18332940,1382731,5160118,39,27905029,1875300,6552130,0
2021-04-21,454773,41756,225127,0,impfzentren,0,477600,0,0,18787713,1424487,5385245,39,27905029,2352900,6552130,0
2021-04-22,382049,43722,213239,0,NA,0,0,0,0,19169762,1468209,5598484,39,27905029,2352900,6552130,0
2021-04-23,353583,43646,159557,0,NA,0,0,0,0,19523345,1511855,5758041,39,27905029,2352900,6552130,0
2021-04-24,235238,49402,81361,0,impfzentren,0,0,196800,0,19758583,1561257,5839402,39,27905029,2352900,6748930,0
2021-04-25,187980,33721,61585,0,impfzentren,0,388800,0,256800,19946563,1594978,5900987,39,27905029,2741700,6748930,256800
2021-04-25,187980,33721,61585,0,bund,21060,388800,9600,256800,20134543,1628699,5962572,39,27926089,3130500,6758530,513600
2021-04-26,318130,42555,72629,70,impfzentren,1364220,0,0,0,20452673,1671254,6035201,109,29290309,3130500,6758530,513600
2021-04-27,676985,51567,56720,553,arztpraxen,2049432,0,70,0,21129658,1722821,6091921,662,31339741,3130500,6758600,513600
2021-04-28,1008500,60802,53559,833,impfzentren,0,0,144000,0,22138158,1783623,6145480,1495,31339741,3130500,6902600,513600
2021-04-29,824955,63991,57192,912,NA,0,0,0,0,22963113,1847614,6202672,2407,31339741,3130500,6902600,513600
2021-04-30,678892,57345,67332,900,impfzentren,0,376800,60000,0,23642005,1904959,6270004,3307,31339741,3507300,6962600,513600
2021-04-30,678892,57345,67332,900,bund,0,376800,0,0,24320897,1962304,6337336,4207,31339741,3884100,6962600,513600
2021-05-01,253066,41537,39435,2574,impfzentren,1825200,0,0,0,24573963,2003841,6376771,6781,33164941,3884100,6962600,513600
2021-05-01,253066,41537,39435,2574,bund,1825200,0,0,0,24827029,2045378,6416206,9355,34990141,3884100,6962600,513600
2021-05-02,195748,37548,30129,1808,NA,0,0,0,0,25022777,2082926,6446335,11163,34990141,3884100,6962600,513600
2021-05-03,318116,70640,61702,1590,impfzentren,0,0,60000,0,25340893,2153566,6508037,12753,34990141,3884100,7022600,513600
2021-05-04,626579,63532,150279,2963,arztpraxen,1535700,0,1100270,0,25967472,2217098,6658316,15716,36525841,3884100,8122870,513600
2021-05-04,626579,63532,150279,2963,impfzentren,0,0,0,216600,26594051,2280630,6808595,18679,36525841,3884100,8122870,730200
2021-05-04,626579,63532,150279,2963,bund,0,0,0,216600,27220630,2344162,6958874,21642,36525841,3884100,8122870,946800
2021-05-05,851772,78999,212510,4475,NA,0,0,0,0,28072402,2423161,7171384,26117,36525841,3884100,8122870,946800
2021-05-06,693334,92225,201582,4553,NA,0,0,0,0,28765736,2515386,7372966,30670,36525841,3884100,8122870,946800
2021-05-07,588387,86748,212549,4203,impfzentren,0,550800,0,0,29354123,2602134,7585515,34873,36525841,4434900,8122870,946800
2021-05-07,588387,86748,212549,4203,bund,0,550800,0,0,29942510,2688882,7798064,39076,36525841,4985700,8122870,946800
2021-05-08,267964,71926,84689,1718,impfzentren,1790100,0,0,0,30210474,2760808,7882753,40794,38315941,4985700,8122870,946800
2021-05-08,267964,71926,84689,1718,bund,1790100,0,0,0,30478438,2832734,7967442,42512,40106041,4985700,8122870,946800
2021-05-09,194086,56602,34704,1068,NA,0,0,0,0,30672524,2889336,8002146,43580,40106041,4985700,8122870,946800
2021-05-10,373400,81872,130681,3730,impfzentren,0,0,112800,0,31045924,2971208,8132827,47310,40106041,4985700,8235670,946800
2021-05-11,826225,80023,176372,3643,arztpraxen,1613010,0,880430,0,31872149,3051231,8309199,50953,41719051,4985700,9116100,946800
2021-05-12,1093908,91739,225303,5755,NA,0,0,0,0,32966057,3142970,8534502,56708,41719051,4985700,9116100,946800
2021-05-13,315532,66783,44543,2650,NA,0,0,0,0,33281589,3209753,8579045,59358,41719051,4985700,9116100,946800
2021-05-14,545562,64945,138643,7797,bund,0,0,850,0,33827151,3274698,8717688,67155,41719051,4985700,9116950,946800
2021-05-15,279461,60434,56476,4282,impfzentren,1825200,550800,0,0,34106612,3335132,8774164,71437,43544251,5536500,9116950,946800
2021-05-16,199945,52769,24946,4726,bund,35100,15200,0,0,34306557,3387901,8799110,76163,43579351,5551700,9116950,946800
2021-05-17,338495,85715,121531,9762,impfzentren,0,0,98400,0,34645052,3473616,8920641,85925,43579351,5551700,9215350,946800
2021-05-18,589817,101172,173556,7774,arztpraxen,1567314,0,754440,0,35234869,3574788,9094197,93699,45146665,5551700,9969790,946800
2021-05-19,804514,100295,181512,12165,NA,0,0,0,0,36039383,3675083,9275709,105864,45146665,5551700,9969790,946800
2021-05-20,684024,96519,156642,10842,NA,0,0,0,0,36723407,3771602,9432351,116706,45146665,5551700,9969790,946800
2021-05-21,596607,85744,157436,11883,impfzentren,0,520800,124800,0,37320014,3857346,9589787,128589,45146665,6072500,10094590,946800
2021-05-22,306507,69576,83862,14287,NA,0,0,0,0,37626521,3926922,9673649,142876,45146665,6072500,10094590,946800
2021-05-23,193090,59450,23927,8868,impfzentren,1852109,0,0,0,37819611,3986372,9697576,151744,46998774,6072500,10094590,946800
2021-05-23,193090,59450,23927,8868,bund,1852109,14400,0,0,38012701,4045822,9721503,160612,48850883,6086900,10094590,946800
2021-05-24,235915,61572,20664,8044,NA,0,0,0,0,38248616,4107394,9742167,168656,48850883,6086900,10094590,946800
2021-05-25,446887,79817,104078,25161,arztpraxen,1557786,0,513740,532355,38695503,4187211,9846245,193817,50408669,6086900,10608330,1479155
2021-05-26,885436,82424,134132,78274,NA,0,0,0,0,39580939,4269635,9980377,272091,50408669,6086900,10608330,1479155
2021-05-27,739508,89017,131689,81123,NA,0,0,0,0,40320447,4358652,10112066,353214,50408669,6086900,10608330,1479155
2021-05-28,603962,86225,130586,83862,NA,0,0,0,0,40924409,4444877,10242652,437076,50408669,6086900,10608330,1479155
2021-05-29,262356,62647,58008,27794,NA,0,0,0,0,41186765,4507524,10300660,464870,50408669,6086900,10608330,1479155
2021-05-30,197311,47058,28374,11033,impfzentren,1760850,554900,0,0,41384076,4554582,10329034,475903,52169519,6641800,10608330,1479155
2021-05-30,197311,47058,28374,11033,bund,1760850,554900,0,0,41581387,4601640,10357408,486936,53930369,7196700,10608330,1479155
2021-05-31,367626,67504,69712,42483,NA,0,0,0,0,41949013,4669144,10427120,529419,53930369,7196700,10608330,1479155
2021-06-01,733988,79874,90614,84562,arztpraxen,2176062,0,0,714340,42683001,4749018,10517734,613981,56106431,7196700,10608330,2193495
2021-06-02,989485,72649,82325,104865,NA,0,0,0,0,43672486,4821667,10600059,718846,56106431,7196700,10608330,2193495
2021-06-03,475390,64364,50266,53209,NA,0,0,0,0,44147876,4886031,10650325,772055,56106431,7196700,10608330,2193495
2021-06-04,586312,71317,76972,77221,arztpraxen,0,0,384280,0,44734188,4957348,10727297,849276,56106431,7196700,10992610,2193495
2021-06-04,586312,71317,76972,77221,impfzentren,0,0,384280,0,45320500,5028665,10804269,926497,56106431,7196700,11376890,2193495
2021-06-05,271346,67038,44263,30612,NA,0,0,0,0,45591846,5095703,10848532,957109,56106431,7196700,11376890,2193495
2021-06-06,205932,41040,27272,18246,impfzentren,1712880,561180,0,0,45797778,5136743,10875804,975355,57819311,7757880,11376890,2193495
2021-06-06,205932,41040,27272,18246,bund,1712880,561180,0,0,46003710,5177783,10903076,993601,59532191,8319060,11376890,2193495
2021-06-07,402056,85161,72588,54483,NA,0,0,0,0,46405766,5262944,10975664,1048084,59532191,8319060,11376890,2193495
2021-06-08,848449,75452,62974,68356,arztpraxen,3367482,0,1020830,520265,47254215,5338396,11038638,1116440,62899673,8319060,12397720,2713760
2021-06-08,848449,75452,62974,68356,betriebe,3367482,0,0,0,48102664,5413848,11101612,1184796,66267155,8319060,12397720,2713760
2021-06-08,848449,75452,62974,68356,impfzentren,0,0,1020830,0,48951113,5489300,11164586,1253152,66267155,8319060,13418550,2713760
2021-06-09,1177911,87323,64055,95781,NA,0,0,0,0,50129024,5576623,11228641,1348933,66267155,8319060,13418550,2713760
2021-06-10,958722,89865,55825,88448,NA,0,0,0,0,51087746,5666488,11284466,1437381,66267155,8319060,13418550,2713760
2021-06-11,809187,89132,69172,96779,NA,0,0,0,0,51896933,5755620,11353638,1534160,66267155,8319060,13418550,2713760
2021-06-12,285244,71983,43472,35240,NA,0,0,0,0,52182177,5827603,11397110,1569400,66267155,8319060,13418550,2713760
2021-06-13,179996,63571,25824,13792,impfzentren,1649700,0,0,0,52362173,5891174,11422934,1583192,67916855,8319060,13418550,2713760
2021-06-13,179996,63571,25824,13792,bund,1649700,13200,0,0,52542169,5954745,11448758,1596984,69566555,8332260,13418550,2713760
2021-06-14,431979,101414,67483,55238,impfzentren,0,537600,0,0,52974148,6056159,11516241,1652222,69566555,8869860,13418550,2713760
2021-06-15,799410,104743,84660,59085,arztpraxen,3051588,0,1137300,235670,53773558,6160902,11600901,1711307,72618143,8869860,14555850,2949430
2021-06-15,799410,104743,84660,59085,betriebe,3051588,0,0,0,54572968,6265645,11685561,1770392,75669731,8869860,14555850,2949430
2021-06-15,799410,104743,84660,59085,impfzentren,0,0,1137300,0,55372378,6370388,11770221,1829477,75669731,8869860,15693150,2949430
2021-06-16,1103817,106621,96754,76288,NA,0,0,0,0,56476195,6477009,11866975,1905765,75669731,8869860,15693150,2949430
2021-06-17,884213,103669,92252,68271,NA,0,0,0,0,57360408,6580678,11959227,1974036,75669731,8869860,15693150,2949430
2021-06-18,733512,94524,96372,68850,NA,0,0,0,0,58093920,6675202,12055599,2042886,75669731,8869860,15693150,2949430
2021-06-19,273130,82161,50969,21143,NA,0,0,0,0,58367050,6757363,12106568,2064029,75669731,8869860,15693150,2949430
2021-06-20,178977,71647,31864,12814,impfzentren,1567800,0,0,0,58546027,6829010,12138432,2076843,77237531,8869860,15693150,2949430
2021-06-20,178977,71647,31864,12814,bund,1567800,0,0,0,58725004,6900657,12170296,2089657,78805331,8869860,15693150,2949430
2021-06-21,411829,97754,85568,36350,impfzentren,0,583200,0,0,59136833,6998411,12255864,2126007,78805331,9453060,15693150,2949430
2021-06-22,844149,96106,102700,34151,arztpraxen,3518118,0,929360,0,59980982,7094517,12358564,2160158,82323449,9453060,16622510,2949430
2021-06-22,844149,96106,102700,34151,impfzentren,0,0,929360,0,60825131,7190623,12461264,2194309,82323449,9453060,17551870,2949430
2021-06-22,844149,96106,102700,34151,betriebe,3518118,0,0,192000,61669280,7286729,12563964,2228460,85841567,9453060,17551870,3141430
2021-06-23,1089046,96209,115670,34539,NA,0,0,0,0,62758326,7382938,12679634,2262999,85841567,9453060,17551870,3141430
2021-06-24,797136,87398,110778,40300,impfzentren,0,0,0,228000,63555462,7470336,12790412,2303299,85841567,9453060,17551870,3369430
2021-06-25,694357,76627,109962,40195,impfzentren,0,613200,0,0,64249819,7546963,12900374,2343494,85841567,10066260,17551870,3369430
2021-06-26,255145,69111,72589,13262,NA,0,0,0,0,64504964,7616074,12972963,2356756,85841567,10066260,17551870,3369430
2021-06-27,172965,58152,56785,4121,impfzentren,1769040,0,0,0,64677929,7674226,13029748,2360877,87610607,10066260,17551870,3369430
2021-06-27,172965,58152,56785,4121,bund,1769040,7200,0,0,64850894,7732378,13086533,2364998,89379647,10073460,17551870,3369430
2021-06-28,401156,90080,113811,24398,NA,0,0,0,0,65252050,7822458,13200344,2389396,89379647,10073460,17551870,3369430
2021-06-29,684984,93023,132816,22439,arztpraxen,3484770,0,479230,0,65937034,7915481,13333160,2411835,92864417,10073460,18031100,3369430
2021-06-29,684984,93023,132816,22439,betriebe,3484770,0,0,0,66622018,8008504,13465976,2434274,96349187,10073460,18031100,3369430
2021-06-30,769599,94176,136661,22725,NA,0,0,0,0,67391617,8102680,13602637,2456999,96349187,10073460,18031100,3369430
2021-07-01,743985,83574,132847,22658,impfzentren,0,0,691200,0,68135602,8186254,13735484,2479657,96349187,10073460,18722300,3369430
2021-07-02,650918,95040,79246,22175,impfzentren,0,0,0,721100,68786520,8281294,13814730,2501832,96349187,10073460,18722300,4090530
2021-07-03,255947,79383,27151,15214,NA,0,0,0,0,69042467,8360677,13841881,2517046,96349187,10073460,18722300,4090530
2021-07-04,181817,68189,14536,8920,impfzentren,1105649,0,0,0,69224284,8428866,13856417,2525966,97454836,10073460,18722300,4090530
2021-07-05,387983,94578,39582,14856,impfzentren,0,876000,0,0,69612267,8523444,13895999,2540822,97454836,10949460,18722300,4090530
2021-07-06,618570,99359,45322,15695,betriebe,2634774,0,0,258360,70230837,8622803,13941321,2556517,100089610,10949460,18722300,4348890
2021-07-06,618570,99359,45322,15695,arztpraxen,2634774,0,2102920,0,70849407,8722162,13986643,2572212,102724384,10949460,20825220,4348890
2021-07-06,618570,99359,45322,15695,impfzentren,0,0,2102920,0,71467977,8821521,14031965,2587907,102724384,10949460,22928140,4348890
2021-07-07,830635,96018,51366,19109,NA,0,0,0,0,72298612,8917539,14083331,2607016,102724384,10949460,22928140,4348890
2021-07-08,685241,101569,42635,19433,NA,0,0,0,0,72983853,9019108,14125966,2626449,102724384,10949460,22928140,4348890
2021-07-09,595824,99014,43211,20646,bund,13710,0,0,0,73579677,9118122,14169177,2647095,102738094,10949460,22928140,4348890
2021-07-10,228662,84292,21126,9780,NA,0,0,0,0,73808339,9202414,14190303,2656875,102738094,10949460,22928140,4348890
2021-07-11,146000,63644,10291,8295,bund,0,0,0,200,73954339,9266058,14200594,2665170,102738094,10949460,22928140,4349090
2021-07-11,146000,63644,10291,8295,impfzentren,1105650,0,0,0,74100339,9329702,14210885,2673465,103843744,10949460,22928140,4349090
2021-07-12,350988,79591,24036,14106,impfzentren,0,1327200,0,0,74451327,9409293,14234921,2687571,103843744,12276660,22928140,4349090
2021-07-13,629822,78024,34615,19940,betriebe,2865282,0,0,129465,75081149,9487317,14269536,2707511,106709026,12276660,22928140,4478555
2021-07-13,629822,78024,34615,19940,arztpraxen,2865282,0,80280,129465,75710971,9565341,14304151,2727451,109574308,12276660,23008420,4608020
2021-07-14,833661,72147,47146,22963,NA,0,0,0,0,76544632,9637488,14351297,2750414,109574308,12276660,23008420,4608020
2021-07-15,635403,71180,38571,22602,NA,0,0,0,0,77180035,9708668,14389868,2773016,109574308,12276660,23008420,4608020
2021-07-16,541997,64504,31970,22235,NA,0,0,0,0,77722032,9773172,14421838,2795251,109574308,12276660,23008420,4608020
2021-07-17,174481,63245,15654,18577,NA,0,0,0,0,77896513,9836417,14437492,2813828,109574308,12276660,23008420,4608020
2021-07-18,135764,41596,11458,11249,impfzentren,1105650,0,0,0,78032277,9878013,14448950,2825077,110679958,12276660,23008420,4608020
2021-07-19,296789,50707,19799,14240,NA,0,0,0,0,78329066,9928720,14468749,2839317,110679958,12276660,23008420,4608020
2021-07-20,521676,48576,21931,14320,betriebe,2106294,0,0,1765,78850742,9977296,14490680,2853637,112786252,12276660,23008420,4609785
2021-07-20,521676,48576,21931,14320,arztpraxen,2106294,0,45750,1765,79372418,10025872,14512611,2867957,114892546,12276660,23054170,4611550
2021-07-21,672580,46126,22788,13883,impfzentren,0,0,0,12000,80044998,10071998,14535399,2881840,114892546,12276660,23054170,4623550
2021-07-22,545482,43454,18845,13581,impfzentren,0,93600,0,0,80590480,10115452,14554244,2895421,114892546,12370260,23054170,4623550
2021-07-23,490678,42334,18554,18328,NA,0,0,0,0,81081158,10157786,14572798,2913749,114892546,12370260,23054170,4623550
2021-07-24,153821,37497,7742,11981,NA,0,0,0,0,81234979,10195283,14580540,2925730,114892546,12370260,23054170,4623550
2021-07-25,83879,31451,3278,5751,impfzentren,1105650,0,0,0,81318858,10226734,14583818,2931481,115998196,12370260,23054170,4623550
2021-07-26,274134,39814,12342,11078,impfzentren,0,888300,0,0,81592992,10266548,14596160,2942559,115998196,13258560,23054170,4623550
2021-07-27,474835,42287,19877,12869,betriebe,1734324,0,0,28660,82067827,10308835,14616037,2955428,117732520,13258560,23054170,4652210
2021-07-27,474835,42287,19877,12869,arztpraxen,1734324,0,38160,28660,82542662,10351122,14635914,2968297,119466844,13258560,23092330,4680870
2021-07-27,474835,42287,19877,12869,impfzentren,0,0,0,28660,83017497,10393409,14655791,2981166,119466844,13258560,23092330,4709530
2021-07-28,602515,46969,23337,13729,impfzentren,0,951600,0,0,83620012,10440378,14679128,2994895,119466844,14210160,23092330,4709530
2021-07-29,497960,43471,19790,14715,NA,0,0,0,0,84117972,10483849,14698918,3009610,119466844,14210160,23092330,4709530
2021-07-30,417285,45272,17163,16096,NA,0,0,0,0,84535257,10529121,14716081,3025706,119466844,14210160,23092330,4709530
2021-07-31,140329,35864,6018,12487,NA,0,0,0,0,84675586,10564985,14722099,3038193,119466844,14210160,23092330,4709530
2021-08-01,83463,25070,2316,5874,impfzentren,883350,0,0,0,84759049,10590055,14724415,3044067,120350194,14210160,23092330,4709530
2021-08-02,238540,33393,9125,11255,impfzentren,0,560400,0,0,84997589,10623448,14733540,3055322,120350194,14770560,23092330,4709530
2021-08-03,396109,38368,11935,13185,betriebe,1437024,0,0,62645,85393698,10661816,14745475,3068507,121787218,14770560,23092330,4772175
2021-08-03,396109,38368,11935,13185,arztpraxen,1437024,0,27140,62645,85789807,10700184,14757410,3081692,123224242,14770560,23119470,4834820
2021-08-04,509143,36307,11258,12788,NA,0,0,0,0,86298950,10736491,14768668,3094480,123224242,14770560,23119470,4834820
2021-08-05,453129,39736,7943,14353,NA,0,0,0,0,86752079,10776227,14776611,3108833,123224242,14770560,23119470,4834820
2021-08-06,380252,35836,7301,15197,NA,0,0,0,0,87132331,10812063,14783912,3124030,123224242,14770560,23119470,4834820
2021-08-07,137803,31837,1543,12964,NA,0,0,0,0,87270134,10843900,14785455,3136994,123224242,14770560,23119470,4834820
2021-08-08,89273,21755,920,3991,impfzentren,877500,0,0,0,87359407,10865655,14786375,3140985,124101742,14770560,23119470,4834820
2021-08-09,237090,41475,5327,8967,impfzentren,0,410400,0,0,87596497,10907130,14791702,3149952,124101742,15180960,23119470,4834820
2021-08-10,365123,42653,7864,11244,betriebe,1185894,0,0,42615,87961620,10949783,14799566,3161196,125287636,15180960,23119470,4877435
2021-08-10,365123,42653,7864,11244,arztpraxen,1185894,0,24330,42615,88326743,10992436,14807430,3172440,126473530,15180960,23143800,4920050
2021-08-11,466562,47018,9690,15695,NA,0,0,0,0,88793305,11039454,14817120,3188135,126473530,15180960,23143800,4920050
2021-08-12,405707,38351,6980,18675,NA,0,0,0,0,89199012,11077805,14824100,3206810,126473530,15180960,23143800,4920050
2021-08-13,354047,41152,6524,19547,NA,0,0,0,0,89553059,11118957,14830624,3226357,126473530,15180960,23143800,4920050
2021-08-14,145111,31747,1371,15265,NA,0,0,0,0,89698170,11150704,14831995,3241622,126473530,15180960,23143800,4920050
2021-08-15,88539,21161,685,7407,impfzentren,508950,0,0,0,89786709,11171865,14832680,3249029,126982480,15180960,23143800,4920050
2021-08-16,214028,33116,2835,13588,arztpraxen,12624,0,0,0,90000737,11204981,14835515,3262617,126995104,15180960,23143800,4920050
2021-08-16,214028,33116,2835,13588,impfzentren,0,87600,0,0,90214765,11238097,14838350,3276205,126995104,15268560,23143800,4920050
2021-08-17,307245,29534,5749,15210,betriebe,881214,0,0,51480,90522010,11267631,14844099,3291415,127876318,15268560,23143800,4971530
2021-08-17,307245,29534,5749,15210,arztpraxen,881214,0,16160,51480,90829255,11297165,14849848,3306625,128757532,15268560,23159960,5023010
2021-08-17,307245,29534,5749,15210,impfzentren,0,0,0,51480,91136500,11326699,14855597,3321835,128757532,15268560,23159960,5074490
2021-08-18,364897,30015,6042,17979,NA,0,0,0,0,91501397,11356714,14861639,3339814,128757532,15268560,23159960,5074490
2021-08-19,281534,26012,4523,17788,NA,0,0,0,0,91782931,11382726,14866162,3357602,128757532,15268560,23159960,5074490
2021-08-20,286573,23514,5163,20824,impfzentren,0,0,-2437600,-73400,92069504,11406240,14871325,3378426,128757532,15268560,20722360,5001090
2021-08-21,117476,20711,722,13401,NA,0,0,0,0,92186980,11426951,14872047,3391827,128757532,15268560,20722360,5001090
2021-08-22,70090,15236,273,5441,impfzentren,421200,0,0,0,92257070,11442187,14872320,3397268,129178732,15268560,20722360,5001090
2021-08-23,182902,28549,3593,12871,NA,0,0,0,0,92439972,11470736,14875913,3410139,129178732,15268560,20722360,5001090
2021-08-24,243828,25172,3853,14330,NA,0,0,0,0,92683800,11495908,14879766,3424469,129178732,15268560,20722360,5001090
2021-08-25,281145,23594,3719,15782,NA,0,0,0,0,92964945,11519502,14883485,3440251,129178732,15268560,20722360,5001090
