date,administered_doses_pfizer,administered_doses_moderna,administered_doses_astrazeneca,administered_doses_jj,einrichtung,delivered_doses_pfizer,delivered_doses_moderna,delivered_doses_astrazeneca,delivered_doses_jj,cum_administered_doses_pfizer,cum_administered_doses_moderna,cum_administered_doses_astrazeneca,cum_administered_doses_jj,cum_delivered_doses_pfizer,cum_delivered_doses_moderna,cum_delivered_doses_astrazeneca,cum_delivered_doses_jj
2020-12-26,0,0,0,0,impfzentren,151125,0,0,0,0,0,0,0,151125,0,0,0
2020-12-27,24086,2,0,0,NA,0,0,0,0,24086,2,0,0,151125,0,0,0
2020-12-28,17991,0,0,0,impfzentren,521625,0,0,0,42077,2,0,0,672750,0,0,0
2020-12-29,50007,0,1,0,NA,0,0,0,0,92084,2,1,0,672750,0,0,0
2020-12-30,63496,0,0,0,impfzentren,653250,0,0,0,155580,2,1,0,1326000,0,0,0
2020-12-31,49691,0,0,0,NA,0,0,0,0,205271,2,1,0,1326000,0,0,0
2021-01-01,25342,5,3,0,NA,0,0,0,0,230613,7,4,0,1326000,0,0,0
2021-01-02,47945,0,0,0,NA,0,0,0,0,278558,7,4,0,1326000,0,0,0
2021-01-03,22411,2,0,0,NA,0,0,0,0,300969,9,4,0,1326000,0,0,0
2021-01-04,45842,1,0,0,NA,0,0,0,0,346811,10,4,0,1326000,0,0,0
2021-01-05,52229,1,0,0,NA,0,0,0,0,399040,11,4,0,1326000,0,0,0
2021-01-06,62499,6,3,0,NA,0,0,0,0,461539,17,7,0,1326000,0,0,0
2021-01-07,54576,4,2,1,NA,0,0,0,0,516115,21,9,1,1326000,0,0,0
2021-01-08,62164,51,1,0,impfzentren,687375,0,0,0,578279,72,10,1,2013375,0,0,0
2021-01-09,60000,3,1,0,NA,0,0,0,0,638279,75,11,1,2013375,0,0,0
2021-01-10,35722,8,0,0,NA,0,0,0,0,674001,83,11,1,2013375,0,0,0
2021-01-11,67797,14,2,0,NA,0,0,0,0,741798,97,13,1,2013375,0,0,0
2021-01-12,78534,15,1,0,impfzentren,0,63600,0,0,820332,112,14,1,2013375,63600,0,0
2021-01-13,110052,1168,0,0,NA,0,0,0,0,930384,1280,14,1,2013375,63600,0,0
2021-01-14,78424,5149,0,0,NA,0,0,0,0,1008808,6429,14,1,2013375,63600,0,0
2021-01-15,85710,5266,5,0,NA,0,0,0,0,1094518,11695,19,1,2013375,63600,0,0
2021-01-16,55793,1679,1,0,NA,0,0,0,0,1150311,13374,20,1,2013375,63600,0,0
2021-01-17,46078,1261,1,1,NA,0,0,0,0,1196389,14635,21,2,2013375,63600,0,0
2021-01-18,78069,4141,1,0,NA,0,0,0,0,1274458,18776,22,2,2013375,63600,0,0
2021-01-19,115328,3667,9,0,impfzentren,842400,0,0,0,1389786,22443,31,2,2855775,63600,0,0
2021-01-20,128704,2741,3,0,NA,0,0,0,0,1518490,25184,34,2,2855775,63600,0,0
2021-01-21,102094,2740,1,0,NA,0,0,0,0,1620584,27924,35,2,2855775,63600,0,0
2021-01-22,99195,2185,8,0,NA,0,0,0,0,1719779,30109,43,2,2855775,63600,0,0
2021-01-23,85984,353,3,0,NA,0,0,0,0,1805763,30462,46,2,2855775,63600,0,0
2021-01-24,46922,198,4,0,NA,0,0,0,0,1852685,30660,50,2,2855775,63600,0,0
2021-01-25,89342,1416,3,0,NA,0,0,0,0,1942027,32076,53,2,2855775,63600,0,0
2021-01-26,95998,1434,7,0,impfzentren,489060,0,0,0,2038025,33510,60,2,3344835,63600,0,0
2021-01-27,107223,1786,8,1,NA,0,0,0,0,2145248,35296,68,3,3344835,63600,0,0
2021-01-28,90841,1628,3,0,NA,0,0,0,0,2236089,36924,71,3,3344835,63600,0,0
2021-01-29,106246,1480,7,0,NA,0,0,0,0,2342335,38404,78,3,3344835,63600,0,0
2021-01-30,87114,880,2,0,NA,0,0,0,0,2429449,39284,80,3,3344835,63600,0,0
2021-01-31,56422,376,5,0,impfzentren,0,90000,0,0,2485871,39660,85,3,3344835,153600,0,0
2021-02-01,117158,2208,51,0,NA,0,0,0,0,2603029,41868,136,3,3344835,153600,0,0
2021-02-02,129141,3062,13,0,impfzentren,747630,0,0,0,2732170,44930,149,3,4092465,153600,0,0
2021-02-03,155584,6327,26,0,NA,0,0,0,0,2887754,51257,175,3,4092465,153600,0,0
2021-02-04,128052,5832,5,0,NA,0,0,0,0,3015806,57089,180,3,4092465,153600,0,0
2021-02-05,140302,6448,8,0,NA,0,0,0,0,3156108,63537,188,3,4092465,153600,0,0
2021-02-06,91044,2626,1,0,impfzentren,0,0,345600,0,3247152,66163,189,3,4092465,153600,345600,0
2021-02-07,50979,2326,2,1,NA,0,0,0,0,3298131,68489,191,4,4092465,153600,345600,0
2021-02-08,105012,3822,28,1,NA,0,0,0,0,3403143,72311,219,5,4092465,153600,345600,0
2021-02-09,130438,3434,113,0,impfzentren,747630,0,0,0,3533581,75745,332,5,4840095,153600,345600,0
2021-02-10,141838,4235,8336,0,NA,0,0,0,0,3675419,79980,8668,5,4840095,153600,345600,0
2021-02-11,120155,7264,16316,2,NA,0,0,0,0,3795574,87244,24984,7,4840095,153600,345600,0
2021-02-12,131566,9298,14251,3,impfzentren,0,0,391200,0,3927140,96542,39235,10,4840095,153600,736800,0
2021-02-13,90712,3257,13348,1,NA,0,0,0,0,4017852,99799,52583,11,4840095,153600,736800,0
2021-02-14,55452,2474,7242,1,NA,0,0,0,0,4073304,102273,59825,12,4840095,153600,736800,0
2021-02-15,104520,5267,15457,1,impfzentren,0,182400,0,0,4177824,107540,75282,13,4840095,336000,736800,0
2021-02-16,108234,6151,19592,1,impfzentren,904410,0,0,0,4286058,113691,94874,14,5744505,336000,736800,0
2021-02-17,121949,7998,20754,1,NA,0,0,0,0,4408007,121689,115628,15,5744505,336000,736800,0
2021-02-18,112138,8223,23844,1,NA,0,0,0,0,4520145,129912,139472,16,5744505,336000,736800,0
2021-02-19,120925,9961,27422,1,impfzentren,0,0,715200,0,4641070,139873,166894,17,5744505,336000,1452000,0
2021-02-20,86388,4464,21198,1,NA,0,0,0,0,4727458,144337,188092,18,5744505,336000,1452000,0
2021-02-21,66506,3641,15615,1,NA,0,0,0,0,4793964,147978,203707,19,5744505,336000,1452000,0
2021-02-22,122661,8958,23617,1,NA,0,0,0,0,4916625,156936,227324,20,5744505,336000,1452000,0
2021-02-23,133778,7209,28853,1,impfzentren,926640,0,0,0,5050403,164145,256177,21,6671145,336000,1452000,0
2021-02-24,131428,7610,36645,1,NA,0,0,0,0,5181831,171755,292822,22,6671145,336000,1452000,0
2021-02-25,131317,6758,50850,0,NA,0,0,0,0,5313148,178513,343672,22,6671145,336000,1452000,0
2021-02-26,140778,8833,62817,0,NA,0,0,0,0,5453926,187346,406489,22,6671145,336000,1452000,0
2021-02-27,92651,4082,50982,0,impfzentren,0,342900,0,0,5546577,191428,457471,22,6671145,678900,1452000,0
2021-02-28,61278,3955,37599,1,NA,0,0,0,0,5607855,195383,495070,23,6671145,678900,1452000,0
2021-03-01,130250,9622,58329,0,NA,0,0,0,0,5738105,205005,553399,23,6671145,678900,1452000,0
2021-03-02,140145,9994,68816,0,impfzentren,1014390,0,650400,0,5878250,214999,622215,23,7685535,678900,2102400,0
2021-03-03,157751,14948,74348,0,NA,0,0,0,0,6036001,229947,696563,23,7685535,678900,2102400,0
2021-03-04,141207,14465,89124,0,NA,0,0,0,0,6177208,244412,785687,23,7685535,678900,2102400,0
2021-03-05,147914,13364,112965,1,NA,0,0,0,0,6325122,257776,898652,24,7685535,678900,2102400,0
2021-03-06,109227,8438,84008,0,NA,0,0,0,0,6434349,266214,982660,24,7685535,678900,2102400,0
2021-03-07,79739,6654,61143,0,NA,0,0,0,0,6514088,272868,1043803,24,7685535,678900,2102400,0
2021-03-08,133905,10956,92561,0,NA,0,0,0,0,6647993,283824,1136364,24,7685535,678900,2102400,0
2021-03-09,140096,12782,99319,0,impfzentren,1083420,0,960000,0,6788089,296606,1235683,24,8768955,678900,3062400,0
2021-03-10,159098,12178,117107,1,NA,0,0,0,0,6947187,308784,1352790,25,8768955,678900,3062400,0
2021-03-11,147623,13717,122855,0,NA,0,0,0,0,7094810,322501,1475645,25,8768955,678900,3062400,0
2021-03-12,151577,17293,157325,0,NA,0,0,0,0,7246387,339794,1632970,25,8768955,678900,3062400,0
2021-03-13,116015,9567,114976,0,NA,0,0,0,0,7362402,349361,1747946,25,8768955,678900,3062400,0
2021-03-14,88060,5512,76407,0,NA,0,0,0,0,7450462,354873,1824353,25,8768955,678900,3062400,0
2021-03-15,152806,12718,82144,0,impfzentren,0,0,364800,0,7603268,367591,1906497,25,8768955,678900,3427200,0
2021-03-16,166627,11250,1017,0,impfzentren,1083420,0,0,0,7769895,378841,1907514,25,9852375,678900,3427200,0
2021-03-17,186296,17990,745,0,NA,0,0,0,0,7956191,396831,1908259,25,9852375,678900,3427200,0
2021-03-18,174217,18164,1158,0,NA,0,0,0,0,8130408,414995,1909417,25,9852375,678900,3427200,0
2021-03-19,185603,20787,38564,0,NA,0,0,0,0,8316011,435782,1947981,25,9852375,678900,3427200,0
2021-03-20,135368,15288,69524,0,NA,0,0,0,0,8451379,451070,2017505,25,9852375,678900,3427200,0
2021-03-21,102174,9197,53114,0,impfzentren,0,432000,0,0,8553553,460267,2070619,25,9852375,1110900,3427200,0
2021-03-22,166441,23809,78951,0,NA,0,0,0,0,8719994,484076,2149570,25,9852375,1110900,3427200,0
2021-03-23,181686,19731,99538,0,impfzentren,1076400,0,204000,0,8901680,503807,2249108,25,10928775,1110900,3631200,0
2021-03-24,200308,33031,105867,0,NA,0,0,0,0,9101988,536838,2354975,25,10928775,1110900,3631200,0
2021-03-25,185517,27669,119473,0,NA,0,0,0,0,9287505,564507,2474448,25,10928775,1110900,3631200,0
2021-03-26,199781,37163,137110,1,impfzentren,0,0,201600,0,9487286,601670,2611558,26,10928775,1110900,3832800,0
2021-03-27,149586,27619,104059,1,NA,0,0,0,0,9636872,629289,2715617,27,10928775,1110900,3832800,0
2021-03-28,115328,18503,62558,0,NA,0,0,0,0,9752200,647792,2778175,27,10928775,1110900,3832800,0
2021-03-29,188709,24997,91952,0,NA,0,0,0,0,9940909,672789,2870127,27,10928775,1110900,3832800,0
2021-03-30,218579,24426,85910,0,impfzentren,1427400,0,0,0,10159488,697215,2956037,27,12356175,1110900,3832800,0
2021-03-31,247492,36043,52699,0,NA,0,0,0,0,10406980,733258,3008736,27,12356175,1110900,3832800,0
2021-04-01,238933,32447,55323,0,NA,0,0,0,0,10645913,765705,3064059,27,12356175,1110900,3832800,0
2021-04-02,179530,14384,31801,0,impfzentren,0,650400,0,0,10825443,780089,3095860,27,12356175,1761300,3832800,0
2021-04-03,174216,15800,41931,0,impfzentren,0,0,1744800,0,10999659,795889,3137791,27,12356175,1761300,5577600,0
2021-04-04,132204,10062,50686,0,NA,0,0,0,0,11131863,805951,3188477,27,12356175,1761300,5577600,0
2021-04-05,165011,17861,65002,0,NA,0,0,0,0,11296874,823812,3253479,27,12356175,1761300,5577600,0
2021-04-06,254924,32205,86606,2,NA,0,0,0,0,11551798,856017,3340085,29,12356175,1761300,5577600,0
2021-04-07,542151,37041,88771,0,impfzentren,2737734,0,0,0,12093949,893058,3428856,29,15093909,1761300,5577600,0
2021-04-07,542151,37041,88771,0,arztpraxen,2737734,0,0,0,12636100,930099,3517627,29,17831643,1761300,5577600,0
2021-04-08,571511,35633,91710,0,NA,0,0,0,0,13207611,965732,3609337,29,17831643,1761300,5577600,0
2021-04-09,490432,36592,105139,0,NA,0,0,0,0,13698043,1002324,3714476,29,17831643,1761300,5577600,0
2021-04-10,248434,23223,100872,0,NA,0,0,0,0,13946477,1025547,3815348,29,17831643,1761300,5577600,0
2021-04-11,170365,18666,74881,0,NA,0,0,0,0,14116842,1044213,3890229,29,17831643,1761300,5577600,0
2021-04-12,278871,29232,110479,1,impfzentren,0,0,360000,0,14395713,1073445,4000708,30,17831643,1761300,5937600,0
2021-04-13,432166,27324,117348,0,impfzentren,2519669,0,0,0,14827879,1100769,4118056,30,20351312,1761300,5937600,0
2021-04-13,432166,27324,117348,0,arztpraxen,2519669,0,0,0,15260045,1128093,4235404,30,22870981,1761300,5937600,0
2021-04-14,616319,33547,124970,0,NA,0,0,0,0,15876364,1161640,4360374,30,22870981,1761300,5937600,0
2021-04-15,534062,36110,110019,1,NA,0,0,0,0,16410426,1197750,4470393,31,22870981,1761300,5937600,0
2021-04-16,438170,32509,125853,0,NA,0,0,0,0,16848596,1230259,4596246,31,22870981,1761300,5937600,0
2021-04-17,224878,22685,118467,0,impfzentren,0,42000,0,0,17073474,1252944,4714713,31,22870981,1803300,5937600,0
2021-04-18,172057,15389,82093,0,bund,0,72000,57600,0,17245531,1268333,4796806,31,22870981,1875300,5995200,0
2021-04-19,293770,32934,75540,1,NA,0,0,0,0,17539301,1301267,4872346,32,22870981,1875300,5995200,0
2021-04-20,381904,39245,139606,1,impfzentren,2517024,0,0,0,17921205,1340512,5011952,33,25388005,1875300,5995200,0
2021-04-20,381904,39245,139606,1,arztpraxen,2517024,0,556930,0,18303109,1379757,5151558,34,27905029,1875300,6552130,0
2021-04-21,454307,41713,225079,0,impfzentren,0,477600,0,0,18757416,1421470,5376637,34,27905029,2352900,6552130,0
2021-04-22,381789,43676,213166,0,NA,0,0,0,0,19139205,1465146,5589803,34,27905029,2352900,6552130,0
2021-04-23,353296,43590,159527,0,NA,0,0,0,0,19492501,1508736,5749330,34,27905029,2352900,6552130,0
2021-04-24,234978,49334,81316,0,impfzentren,0,0,196800,0,19727479,1558070,5830646,34,27905029,2352900,6748930,0
2021-04-25,187785,33672,61520,0,impfzentren,0,388800,0,256800,19915264,1591742,5892166,34,27905029,2741700,6748930,256800
2021-04-25,187785,33672,61520,0,bund,21060,388800,9600,256800,20103049,1625414,5953686,34,27926089,3130500,6758530,513600
2021-04-26,317824,42499,72591,70,impfzentren,1364220,0,0,0,20420873,1667913,6026277,104,29290309,3130500,6758530,513600
2021-04-27,676629,51500,56677,553,arztpraxen,2049432,0,70,0,21097502,1719413,6082954,657,31339741,3130500,6758600,513600
2021-04-28,1008146,60725,53447,832,impfzentren,0,0,144000,0,22105648,1780138,6136401,1489,31339741,3130500,6902600,513600
2021-04-29,824313,63924,57148,909,NA,0,0,0,0,22929961,1844062,6193549,2398,31339741,3130500,6902600,513600
2021-04-30,678300,57288,67274,875,impfzentren,0,376800,60000,0,23608261,1901350,6260823,3273,31339741,3507300,6962600,513600
2021-04-30,678300,57288,67274,875,bund,0,376800,0,0,24286561,1958638,6328097,4148,31339741,3884100,6962600,513600
2021-05-01,252835,41491,39391,2574,impfzentren,1825200,0,0,0,24539396,2000129,6367488,6722,33164941,3884100,6962600,513600
2021-05-01,252835,41491,39391,2574,bund,1825200,0,0,0,24792231,2041620,6406879,9296,34990141,3884100,6962600,513600
2021-05-02,195573,37512,30102,1807,NA,0,0,0,0,24987804,2079132,6436981,11103,34990141,3884100,6962600,513600
2021-05-03,317845,70574,61659,1586,impfzentren,0,0,60000,0,25305649,2149706,6498640,12689,34990141,3884100,7022600,513600
2021-05-04,626252,63469,150234,2961,arztpraxen,1535700,0,1100270,0,25931901,2213175,6648874,15650,36525841,3884100,8122870,513600
2021-05-04,626252,63469,150234,2961,impfzentren,0,0,0,216600,26558153,2276644,6799108,18611,36525841,3884100,8122870,730200
2021-05-04,626252,63469,150234,2961,bund,0,0,0,216600,27184405,2340113,6949342,21572,36525841,3884100,8122870,946800
2021-05-05,851231,78918,212471,4471,NA,0,0,0,0,28035636,2419031,7161813,26043,36525841,3884100,8122870,946800
2021-05-06,692697,92117,201547,4550,NA,0,0,0,0,28728333,2511148,7363360,30593,36525841,3884100,8122870,946800
2021-05-07,587765,86663,212444,4202,impfzentren,0,550800,0,0,29316098,2597811,7575804,34795,36525841,4434900,8122870,946800
2021-05-07,587765,86663,212444,4202,bund,0,550800,0,0,29903863,2684474,7788248,38997,36525841,4985700,8122870,946800
2021-05-08,267670,71775,84620,1717,impfzentren,1790100,0,0,0,30171533,2756249,7872868,40714,38315941,4985700,8122870,946800
2021-05-08,267670,71775,84620,1717,bund,1790100,0,0,0,30439203,2828024,7957488,42431,40106041,4985700,8122870,946800
2021-05-09,193889,56557,34667,1067,NA,0,0,0,0,30633092,2884581,7992155,43498,40106041,4985700,8122870,946800
2021-05-10,373054,81788,130643,3728,impfzentren,0,0,112800,0,31006146,2966369,8122798,47226,40106041,4985700,8235670,946800
2021-05-11,825857,79869,176341,3641,arztpraxen,1613010,0,880430,0,31832003,3046238,8299139,50867,41719051,4985700,9116100,946800
2021-05-12,1093270,91646,225260,5752,NA,0,0,0,0,32925273,3137884,8524399,56619,41719051,4985700,9116100,946800
2021-05-13,315265,66731,44510,2647,NA,0,0,0,0,33240538,3204615,8568909,59266,41719051,4985700,9116100,946800
2021-05-14,545161,64867,138590,7792,bund,0,0,850,0,33785699,3269482,8707499,67058,41719051,4985700,9116950,946800
2021-05-15,279185,60379,56449,4280,impfzentren,1825200,550800,0,0,34064884,3329861,8763948,71338,43544251,5536500,9116950,946800
2021-05-16,199758,52726,24926,4723,bund,35100,15200,0,0,34264642,3382587,8788874,76061,43579351,5551700,9116950,946800
2021-05-17,338224,85643,121498,9757,impfzentren,0,0,98400,0,34602866,3468230,8910372,85818,43579351,5551700,9215350,946800
2021-05-18,589377,101076,173527,7772,arztpraxen,1567314,0,754440,0,35192243,3569306,9083899,93590,45146665,5551700,9969790,946800
2021-05-19,804116,100073,181479,12155,NA,0,0,0,0,35996359,3669379,9265378,105745,45146665,5551700,9969790,946800
2021-05-20,683535,96434,156620,10837,NA,0,0,0,0,36679894,3765813,9421998,116582,45146665,5551700,9969790,946800
2021-05-21,596056,85678,157400,11879,impfzentren,0,520800,124800,0,37275950,3851491,9579398,128461,45146665,6072500,10094590,946800
2021-05-22,306178,69504,83824,14278,NA,0,0,0,0,37582128,3920995,9663222,142739,45146665,6072500,10094590,946800
2021-05-23,192904,59388,23905,8864,impfzentren,1852109,0,0,0,37775032,3980383,9687127,151603,46998774,6072500,10094590,946800
2021-05-23,192904,59388,23905,8864,bund,1852109,14400,0,0,37967936,4039771,9711032,160467,48850883,6086900,10094590,946800
2021-05-24,235651,61526,20646,8038,NA,0,0,0,0,38203587,4101297,9731678,168505,48850883,6086900,10094590,946800
2021-05-25,446527,79733,104048,25157,arztpraxen,1557786,0,513740,532355,38650114,4181030,9835726,193662,50408669,6086900,10608330,1479155
2021-05-26,885029,82347,134104,78272,NA,0,0,0,0,39535143,4263377,9969830,271934,50408669,6086900,10608330,1479155
2021-05-27,739117,88928,131638,81120,NA,0,0,0,0,40274260,4352305,10101468,353054,50408669,6086900,10608330,1479155
2021-05-28,603494,86135,130528,83755,NA,0,0,0,0,40877754,4438440,10231996,436809,50408669,6086900,10608330,1479155
2021-05-29,261822,62591,57969,27792,NA,0,0,0,0,41139576,4501031,10289965,464601,50408669,6086900,10608330,1479155
2021-05-30,197144,47012,28351,11032,impfzentren,1760850,554900,0,0,41336720,4548043,10318316,475633,52169519,6641800,10608330,1479155
2021-05-30,197144,47012,28351,11032,bund,1760850,554900,0,0,41533864,4595055,10346667,486665,53930369,7196700,10608330,1479155
2021-05-31,367203,67428,69625,42475,NA,0,0,0,0,41901067,4662483,10416292,529140,53930369,7196700,10608330,1479155
2021-06-01,733509,79793,90516,84555,arztpraxen,2176062,0,0,714340,42634576,4742276,10506808,613695,56106431,7196700,10608330,2193495
2021-06-02,988985,72574,82232,104850,NA,0,0,0,0,43623561,4814850,10589040,718545,56106431,7196700,10608330,2193495
2021-06-03,474992,64309,50220,53202,NA,0,0,0,0,44098553,4879159,10639260,771747,56106431,7196700,10608330,2193495
2021-06-04,585704,71223,76880,77216,arztpraxen,0,0,384280,0,44684257,4950382,10716140,848963,56106431,7196700,10992610,2193495
2021-06-04,585704,71223,76880,77216,impfzentren,0,0,384280,0,45269961,5021605,10793020,926179,56106431,7196700,11376890,2193495
2021-06-05,271095,66968,44181,30611,NA,0,0,0,0,45541056,5088573,10837201,956790,56106431,7196700,11376890,2193495
2021-06-06,205719,40995,27248,18241,impfzentren,1712880,561180,0,0,45746775,5129568,10864449,975031,57819311,7757880,11376890,2193495
2021-06-06,205719,40995,27248,18241,bund,1712880,561180,0,0,45952494,5170563,10891697,993272,59532191,8319060,11376890,2193495
2021-06-07,402151,85065,72539,54482,NA,0,0,0,0,46354645,5255628,10964236,1047754,59532191,8319060,11376890,2193495
2021-06-08,846848,75377,62966,68348,arztpraxen,3367482,0,1020830,520265,47201493,5331005,11027202,1116102,62899673,8319060,12397720,2713760
2021-06-08,846848,75377,62966,68348,betriebe,3367482,0,0,0,48048341,5406382,11090168,1184450,66267155,8319060,12397720,2713760
2021-06-08,846848,75377,62966,68348,impfzentren,0,0,1020830,0,48895189,5481759,11153134,1252798,66267155,8319060,13418550,2713760
2021-06-09,1176718,87239,64036,95778,NA,0,0,0,0,50071907,5568998,11217170,1348576,66267155,8319060,13418550,2713760
2021-06-10,957673,89807,55802,88444,NA,0,0,0,0,51029580,5658805,11272972,1437020,66267155,8319060,13418550,2713760
2021-06-11,807762,89041,69132,96775,NA,0,0,0,0,51837342,5747846,11342104,1533795,66267155,8319060,13418550,2713760
2021-06-12,284845,71917,43436,35238,NA,0,0,0,0,52122187,5819763,11385540,1569033,66267155,8319060,13418550,2713760
2021-06-13,179862,63503,25813,13788,impfzentren,1649700,0,0,0,52302049,5883266,11411353,1582821,67916855,8319060,13418550,2713760
2021-06-13,179862,63503,25813,13788,bund,1649700,13200,0,0,52481911,5946769,11437166,1596609,69566555,8332260,13418550,2713760
2021-06-14,431323,101339,67430,55237,impfzentren,0,537600,0,0,52913234,6048108,11504596,1651846,69566555,8869860,13418550,2713760
2021-06-15,798435,104652,84613,59084,arztpraxen,3051588,0,1137300,235670,53711669,6152760,11589209,1710930,72618143,8869860,14555850,2949430
2021-06-15,798435,104652,84613,59084,betriebe,3051588,0,0,0,54510104,6257412,11673822,1770014,75669731,8869860,14555850,2949430
2021-06-15,798435,104652,84613,59084,impfzentren,0,0,1137300,0,55308539,6362064,11758435,1829098,75669731,8869860,15693150,2949430
2021-06-16,1102522,106529,96685,76288,NA,0,0,0,0,56411061,6468593,11855120,1905386,75669731,8869860,15693150,2949430
2021-06-17,883482,103577,92209,68257,NA,0,0,0,0,57294543,6572170,11947329,1973643,75669731,8869860,15693150,2949430
2021-06-18,732424,94425,96335,68834,NA,0,0,0,0,58026967,6666595,12043664,2042477,75669731,8869860,15693150,2949430
2021-06-19,272839,82076,50943,21142,NA,0,0,0,0,58299806,6748671,12094607,2063619,75669731,8869860,15693150,2949430
2021-06-20,178802,71593,31847,12813,impfzentren,1567800,0,0,0,58478608,6820264,12126454,2076432,77237531,8869860,15693150,2949430
2021-06-20,178802,71593,31847,12813,bund,1567800,0,0,0,58657410,6891857,12158301,2089245,78805331,8869860,15693150,2949430
2021-06-21,411242,97635,85478,36349,impfzentren,0,583200,0,0,59068652,6989492,12243779,2125594,78805331,9453060,15693150,2949430
2021-06-22,843297,96029,102557,34149,arztpraxen,3518118,0,929360,0,59911949,7085521,12346336,2159743,82323449,9453060,16622510,2949430
2021-06-22,843297,96029,102557,34149,impfzentren,0,0,929360,0,60755246,7181550,12448893,2193892,82323449,9453060,17551870,2949430
2021-06-22,843297,96029,102557,34149,betriebe,3518118,0,0,192000,61598543,7277579,12551450,2228041,85841567,9453060,17551870,3141430
2021-06-23,1087909,96024,115617,34531,NA,0,0,0,0,62686452,7373603,12667067,2262572,85841567,9453060,17551870,3141430
2021-06-24,796316,87340,110719,40298,impfzentren,0,0,0,228000,63482768,7460943,12777786,2302870,85841567,9453060,17551870,3369430
2021-06-25,693260,76587,109910,40150,impfzentren,0,613200,0,0,64176028,7537530,12887696,2343020,85841567,10066260,17551870,3369430
2021-06-26,254735,69072,72551,13261,NA,0,0,0,0,64430763,7606602,12960247,2356281,85841567,10066260,17551870,3369430
2021-06-27,172884,58115,56755,4121,impfzentren,1769040,0,0,0,64603647,7664717,13017002,2360402,87610607,10066260,17551870,3369430
2021-06-27,172884,58115,56755,4121,bund,1769040,7200,0,0,64776531,7722832,13073757,2364523,89379647,10073460,17551870,3369430
2021-06-28,400651,90042,113765,24387,NA,0,0,0,0,65177182,7812874,13187522,2388910,89379647,10073460,17551870,3369430
2021-06-29,684214,92944,132732,22438,arztpraxen,3484770,0,479230,0,65861396,7905818,13320254,2411348,92864417,10073460,18031100,3369430
2021-06-29,684214,92944,132732,22438,betriebe,3484770,0,0,0,66545610,7998762,13452986,2433786,96349187,10073460,18031100,3369430
2021-06-30,768856,94148,136616,22710,NA,0,0,0,0,67314466,8092910,13589602,2456496,96349187,10073460,18031100,3369430
2021-07-01,743265,83527,132808,22612,impfzentren,0,0,691200,0,68057731,8176437,13722410,2479108,96349187,10073460,18722300,3369430
2021-07-02,650336,94987,79225,22175,impfzentren,0,0,0,721100,68708067,8271424,13801635,2501283,96349187,10073460,18722300,4090530
2021-07-03,255767,79325,27143,15209,NA,0,0,0,0,68963834,8350749,13828778,2516492,96349187,10073460,18722300,4090530
2021-07-04,181719,68157,14531,8918,impfzentren,1105649,0,0,0,69145553,8418906,13843309,2525410,97454836,10073460,18722300,4090530
2021-07-05,387589,94535,39552,14852,impfzentren,0,876000,0,0,69533142,8513441,13882861,2540262,97454836,10949460,18722300,4090530
2021-07-06,617865,99314,45315,15704,betriebe,2634774,0,0,258360,70151007,8612755,13928176,2555966,100089610,10949460,18722300,4348890
2021-07-06,617865,99314,45315,15704,arztpraxen,2634774,0,2102920,0,70768872,8712069,13973491,2571670,102724384,10949460,20825220,4348890
2021-07-06,617865,99314,45315,15704,impfzentren,0,0,2102920,0,71386737,8811383,14018806,2587374,102724384,10949460,22928140,4348890
2021-07-07,829599,95973,51312,19044,NA,0,0,0,0,72216336,8907356,14070118,2606418,102724384,10949460,22928140,4348890
2021-07-08,684241,101478,42633,19402,NA,0,0,0,0,72900577,9008834,14112751,2625820,102724384,10949460,22928140,4348890
2021-07-09,595059,98881,43203,20651,bund,13710,0,0,0,73495636,9107715,14155954,2646471,102738094,10949460,22928140,4348890
2021-07-10,228338,84199,21117,9780,NA,0,0,0,0,73723974,9191914,14177071,2656251,102738094,10949460,22928140,4348890
2021-07-11,145782,63552,10289,8293,bund,0,0,0,200,73869756,9255466,14187360,2664544,102738094,10949460,22928140,4349090
2021-07-11,145782,63552,10289,8293,impfzentren,1105650,0,0,0,74015538,9319018,14197649,2672837,103843744,10949460,22928140,4349090
2021-07-12,350345,79486,24033,14102,impfzentren,0,1327200,0,0,74365883,9398504,14221682,2686939,103843744,12276660,22928140,4349090
2021-07-13,628686,77886,34613,19923,betriebe,2865282,0,0,129465,74994569,9476390,14256295,2706862,106709026,12276660,22928140,4478555
2021-07-13,628686,77886,34613,19923,arztpraxen,2865282,0,80280,129465,75623255,9554276,14290908,2726785,109574308,12276660,23008420,4608020
2021-07-14,832556,72091,47143,22924,NA,0,0,0,0,76455811,9626367,14338051,2749709,109574308,12276660,23008420,4608020
2021-07-15,634325,71150,38564,22576,NA,0,0,0,0,77090136,9697517,14376615,2772285,109574308,12276660,23008420,4608020
2021-07-16,540995,64474,31962,22208,NA,0,0,0,0,77631131,9761991,14408577,2794493,109574308,12276660,23008420,4608020
2021-07-17,174183,63222,15653,18575,NA,0,0,0,0,77805314,9825213,14424230,2813068,109574308,12276660,23008420,4608020
2021-07-18,135673,41566,11456,11247,impfzentren,1105650,0,0,0,77940987,9866779,14435686,2824315,110679958,12276660,23008420,4608020
2021-07-19,296231,50527,19783,14240,NA,0,0,0,0,78237218,9917306,14455469,2838555,110679958,12276660,23008420,4608020
2021-07-20,520959,48405,21930,14314,betriebe,2106294,0,0,1765,78758177,9965711,14477399,2852869,112786252,12276660,23008420,4609785
2021-07-20,520959,48405,21930,14314,arztpraxen,2106294,0,45750,1765,79279136,10014116,14499329,2867183,114892546,12276660,23054170,4611550
2021-07-21,671209,46057,22786,13881,impfzentren,0,0,0,12000,79950345,10060173,14522115,2881064,114892546,12276660,23054170,4623550
2021-07-22,544326,43433,18844,13577,impfzentren,0,93600,0,0,80494671,10103606,14540959,2894641,114892546,12370260,23054170,4623550
2021-07-23,488895,42292,18552,18134,NA,0,0,0,0,80983566,10145898,14559511,2912775,114892546,12370260,23054170,4623550
2021-07-24,153377,37466,7742,11843,NA,0,0,0,0,81136943,10183364,14567253,2924618,114892546,12370260,23054170,4623550
2021-07-25,83791,31444,3276,5750,impfzentren,1105650,0,0,0,81220734,10214808,14570529,2930368,115998196,12370260,23054170,4623550
2021-07-26,273476,39786,12332,11075,impfzentren,0,888300,0,0,81494210,10254594,14582861,2941443,115998196,13258560,23054170,4623550
2021-07-27,473738,42143,19882,12869,betriebe,1734324,0,0,28660,81967948,10296737,14602743,2954312,117732520,13258560,23054170,4652210
2021-07-27,473738,42143,19882,12869,arztpraxen,1734324,0,38160,28660,82441686,10338880,14622625,2967181,119466844,13258560,23092330,4680870
2021-07-27,473738,42143,19882,12869,impfzentren,0,0,0,28660,82915424,10381023,14642507,2980050,119466844,13258560,23092330,4709530
2021-07-28,601146,46830,23337,13726,impfzentren,0,951600,0,0,83516570,10427853,14665844,2993776,119466844,14210160,23092330,4709530
2021-07-29,496706,43435,19785,14696,NA,0,0,0,0,84013276,10471288,14685629,3008472,119466844,14210160,23092330,4709530
2021-07-30,416143,45249,17163,16093,NA,0,0,0,0,84429419,10516537,14702792,3024565,119466844,14210160,23092330,4709530
2021-07-31,140157,35855,6017,12484,NA,0,0,0,0,84569576,10552392,14708809,3037049,119466844,14210160,23092330,4709530
2021-08-01,83324,25066,2316,5873,impfzentren,883350,0,0,0,84652900,10577458,14711125,3042922,120350194,14210160,23092330,4709530
2021-08-02,237527,33379,9125,11209,impfzentren,0,560400,0,0,84890427,10610837,14720250,3054131,120350194,14770560,23092330,4709530
2021-08-03,395021,38316,11935,13177,betriebe,1437024,0,0,62645,85285448,10649153,14732185,3067308,121787218,14770560,23092330,4772175
2021-08-03,395021,38316,11935,13177,arztpraxen,1437024,0,27140,62645,85680469,10687469,14744120,3080485,123224242,14770560,23119470,4834820
2021-08-04,506910,36272,11258,12727,NA,0,0,0,0,86187379,10723741,14755378,3093212,123224242,14770560,23119470,4834820
2021-08-05,451487,39645,7941,14269,NA,0,0,0,0,86638866,10763386,14763319,3107481,123224242,14770560,23119470,4834820
2021-08-06,379028,35766,7301,15134,NA,0,0,0,0,87017894,10799152,14770620,3122615,123224242,14770560,23119470,4834820
2021-08-07,137400,31828,1543,12874,NA,0,0,0,0,87155294,10830980,14772163,3135489,123224242,14770560,23119470,4834820
2021-08-08,89137,21753,920,3990,impfzentren,877500,0,0,0,87244431,10852733,14773083,3139479,124101742,14770560,23119470,4834820
2021-08-09,236161,41430,5327,8957,impfzentren,0,410400,0,0,87480592,10894163,14778410,3148436,124101742,15180960,23119470,4834820
2021-08-10,363937,42603,7864,11177,betriebe,1185894,0,0,42615,87844529,10936766,14786274,3159613,125287636,15180960,23119470,4877435
2021-08-10,363937,42603,7864,11177,arztpraxen,1185894,0,24330,42615,88208466,10979369,14794138,3170790,126473530,15180960,23143800,4920050
2021-08-11,464863,46980,9690,15594,NA,0,0,0,0,88673329,11026349,14803828,3186384,126473530,15180960,23143800,4920050
2021-08-12,402347,38111,6979,18498,NA,0,0,0,0,89075676,11064460,14810807,3204882,126473530,15180960,23143800,4920050
2021-08-13,351247,41063,6520,19046,NA,0,0,0,0,89426923,11105523,14817327,3223928,126473530,15180960,23143800,4920050
2021-08-14,143460,31477,1371,13848,NA,0,0,0,0,89570383,11137000,14818698,3237776,126473530,15180960,23143800,4920050
2021-08-15,87879,20908,685,7334,impfzentren,508950,0,0,0,89658262,11157908,14819383,3245110,126982480,15180960,23143800,4920050
2021-08-16,211571,32795,2833,13294,NA,0,0,0,0,89869833,11190703,14822216,3258404,126982480,15180960,23143800,4920050
2021-08-17,303438,28521,5743,14305,NA,0,0,0,0,90173271,11219224,14827959,3272709,126982480,15180960,23143800,4920050
2021-08-18,352898,28706,6001,15629,NA,0,0,0,0,90526169,11247930,14833960,3288338,126982480,15180960,23143800,4920050
