date,cases,deaths,country,population,cumulative_cases,cases_7day_rollmean,cumulative_deaths,deaths_7day_rollmean
2019-12-31,27,0,China,1392730000,27,NA,0,NA
2020-01-01,0,0,China,1392730000,27,NA,0,NA
2020-01-02,0,0,China,1392730000,27,NA,0,NA
2020-01-03,17,0,China,1392730000,44,NA,0,NA
2020-01-04,0,0,China,1392730000,44,NA,0,NA
2020-01-05,15,0,China,1392730000,59,NA,0,NA
2020-01-06,0,0,China,1392730000,59,8.428571428571429,0,0
2020-01-07,0,0,China,1392730000,59,4.571428571428571,0,0
2020-01-08,0,0,China,1392730000,59,4.571428571428571,0,0
2020-01-09,0,0,China,1392730000,59,4.571428571428571,0,0
2020-01-10,0,0,China,1392730000,59,2.142857142857143,0,0
2020-01-11,0,1,China,1392730000,59,2.142857142857143,1,0.14285714285714285
2020-01-12,0,0,China,1392730000,59,0,1,0.14285714285714285
2020-01-13,0,0,China,1392730000,59,0,1,0.14285714285714285
2020-01-14,0,0,China,1392730000,59,0,1,0.14285714285714285
2020-01-15,0,1,China,1392730000,59,0,2,0.2857142857142857
2020-01-16,0,0,China,1392730000,59,0,2,0.2857142857142857
2020-01-17,4,0,China,1392730000,63,0.5714285714285714,2,0.2857142857142857
2020-01-18,17,0,China,1392730000,80,3,2,0.14285714285714285
2020-01-19,136,1,China,1392730000,216,22.428571428571427,3,0.2857142857142857
2020-01-20,19,0,China,1392730000,235,25.142857142857142,3,0.2857142857142857
2020-01-21,151,3,China,1392730000,386,46.714285714285715,6,0.7142857142857143
2020-01-22,140,11,China,1392730000,526,66.71428571428571,17,2.142857142857143
2020-01-23,97,0,China,1392730000,623,80.57142857142857,17,2.142857142857143
2020-01-24,259,9,China,1392730000,882,117,26,3.4285714285714284
2020-01-25,441,15,China,1392730000,1323,177.57142857142858,41,5.571428571428571
2020-01-26,665,15,China,1392730000,1988,253.14285714285714,56,7.571428571428571
2020-01-27,787,25,China,1392730000,2775,362.85714285714283,81,11.142857142857142
2020-01-28,1753,25,China,1392730000,4528,591.7142857142857,106,14.285714285714286
2020-01-29,1466,26,China,1392730000,5994,781.1428571428571,132,16.428571428571427
2020-01-30,1740,38,China,1392730000,7734,1015.8571428571429,170,21.857142857142858
2020-01-31,1980,43,China,1392730000,9714,1261.7142857142858,213,26.714285714285715
2020-02-01,2095,46,China,1392730000,11809,1498,259,31.142857142857142
2020-02-02,2590,45,China,1392730000,14399,1773,304,35.42857142857143
2020-02-03,2812,57,China,1392730000,17211,2062.285714285714,361,40
2020-02-04,3237,65,China,1392730000,20448,2274.285714285714,426,45.714285714285715
2020-02-05,3872,66,China,1392730000,24320,2618,492,51.42857142857143
2020-02-06,3727,72,China,1392730000,28047,2901.8571428571427,564,56.285714285714285
2020-02-07,3160,73,China,1392730000,31207,3070.4285714285716,637,60.57142857142857
2020-02-08,3418,86,China,1392730000,34625,3259.4285714285716,723,66.28571428571429
2020-02-09,2607,89,China,1392730000,37232,3261.8571428571427,812,72.57142857142857
2020-02-10,2974,97,China,1392730000,40206,3285,909,78.28571428571429
2020-02-11,2490,108,China,1392730000,42696,3178.285714285714,1017,84.42857142857143
2020-02-12,2028,97,China,1392730000,44724,2914.8571428571427,1114,88.85714285714286
2020-02-13,15141,254,China,1392730000,59865,4545.428571428572,1368,114.85714285714286
2020-02-14,4156,13,China,1392730000,64021,4687.714285714285,1381,106.28571428571429
2020-02-15,2538,143,China,1392730000,66559,4562,1524,114.42857142857143
2020-02-16,2007,142,China,1392730000,68566,4476.285714285715,1666,122
2020-02-17,2052,105,China,1392730000,70618,4344.571428571428,1771,123.14285714285714
2020-02-18,1890,98,China,1392730000,72508,4258.857142857143,1869,121.71428571428571
2020-02-19,1750,139,China,1392730000,74258,4219.142857142857,2008,127.71428571428571
2020-02-20,394,112,China,1392730000,74652,2112.4285714285716,2120,107.42857142857143
2020-02-21,891,118,China,1392730000,75543,1646,2238,122.42857142857143
2020-02-22,826,109,China,1392730000,76369,1401.4285714285713,2347,117.57142857142857
2020-02-23,647,98,China,1392730000,77016,1207.142857142857,2445,111.28571428571429
2020-02-24,218,150,China,1392730000,77234,945.1428571428571,2595,117.71428571428571
2020-02-25,515,70,China,1392730000,77749,748.7142857142857,2665,113.71428571428571
2020-02-26,410,52,China,1392730000,78159,557.2857142857143,2717,101.28571428571429
2020-02-27,439,29,China,1392730000,78598,563.7142857142857,2746,89.42857142857143
2020-02-28,329,44,China,1392730000,78927,483.42857142857144,2790,78.85714285714286
2020-02-29,428,47,China,1392730000,79355,426.57142857142856,2837,70
2020-03-01,574,35,China,1392730000,79929,416.14285714285717,2872,61
2020-03-02,205,42,China,1392730000,80134,414.2857142857143,2914,45.57142857142857
2020-03-03,127,32,China,1392730000,80261,358.85714285714283,2946,40.142857142857146
2020-03-04,119,37,China,1392730000,80380,317.2857142857143,2983,38
2020-03-05,117,31,China,1392730000,80497,271.2857142857143,3014,38.285714285714285
2020-03-06,170,30,China,1392730000,80667,248.57142857142858,3044,36.285714285714285
2020-03-07,101,28,China,1392730000,80768,201.85714285714286,3072,33.57142857142857
2020-03-08,46,27,China,1392730000,80814,126.42857142857143,3099,32.42857142857143
2020-03-09,45,23,China,1392730000,80859,103.57142857142857,3122,29.714285714285715
2020-03-10,20,17,China,1392730000,80879,88.28571428571429,3139,27.571428571428573
2020-03-11,29,22,China,1392730000,80908,75.42857142857143,3161,25.428571428571427
2020-03-12,24,11,China,1392730000,80932,62.142857142857146,3172,22.571428571428573
2020-03-13,22,7,China,1392730000,80954,41,3179,19.285714285714285
2020-03-14,19,15,China,1392730000,80973,29.285714285714285,3194,17.428571428571427
2020-03-15,22,9,China,1392730000,80995,25.857142857142858,3203,14.857142857142858
2020-03-16,25,13,China,1392730000,81020,23,3216,13.428571428571429
2020-03-17,43,9,China,1392730000,81063,26.285714285714285,3225,12.285714285714286
2020-03-18,23,16,China,1392730000,81086,25.428571428571427,3241,11.428571428571429
2020-03-19,44,8,China,1392730000,81130,28.285714285714285,3249,11
2020-03-20,99,4,China,1392730000,81229,39.285714285714285,3253,10.571428571428571
2020-03-21,52,6,China,1392730000,81281,44,3259,9.285714285714286
2020-03-22,65,6,China,1392730000,81346,50.142857142857146,3265,8.857142857142858
2020-03-23,138,9,China,1392730000,81484,66.28571428571429,3274,8.285714285714286
2020-03-24,69,7,China,1392730000,81553,70,3281,8
2020-03-25,78,4,China,1392730000,81631,77.85714285714286,3285,6.285714285714286
2020-03-26,102,6,China,1392730000,81733,86.14285714285714,3291,6
2020-03-27,94,5,China,1392730000,81827,85.42857142857143,3296,6.142857142857143
2020-03-28,119,3,China,1392730000,81946,95,3299,5.714285714285714
2020-03-29,113,5,China,1392730000,82059,101.85714285714286,3304,5.571428571428571
2020-03-30,98,2,China,1392730000,82157,96.14285714285714,3306,4.571428571428571
2020-03-31,84,3,China,1392730000,82241,98.28571428571429,3309,4
2020-04-01,54,1,China,1392730000,82295,94.85714285714286,3310,3.5714285714285716
2020-04-02,100,6,China,1392730000,82395,94.57142857142857,3316,3.5714285714285716
2020-04-03,70,10,China,1392730000,82465,91.14285714285714,3326,4.285714285714286
2020-04-04,62,4,China,1392730000,82527,83,3330,4.428571428571429
2020-04-05,48,3,China,1392730000,82575,73.71428571428571,3333,4.142857142857143
2020-04-06,67,2,China,1392730000,82642,69.28571428571429,3335,4.142857142857143
2020-04-07,56,0,China,1392730000,82698,65.28571428571429,3335,3.7142857142857144
2020-04-08,86,2,China,1392730000,82784,69.85714285714286,3337,3.857142857142857
2020-04-09,86,2,China,1392730000,82870,67.85714285714286,3339,3.2857142857142856
2020-04-10,55,1,China,1392730000,82925,65.71428571428571,3340,2
2020-04-11,79,3,China,1392730000,83004,68.14285714285714,3343,1.8571428571428572
2020-04-12,93,0,China,1392730000,83097,74.57142857142857,3343,1.4285714285714286
2020-04-13,112,2,China,1392730000,83209,81,3345,1.4285714285714286
2020-04-14,94,0,China,1392730000,83303,86.42857142857143,3345,1.4285714285714286
2020-04-15,49,1,China,1392730000,83352,81.14285714285714,3346,1.2857142857142858
2020-04-16,50,0,China,1392730000,83402,76,3346,1
2020-04-17,352,1290,China,1392730000,83754,118.42857142857143,4636,185.14285714285714
2020-04-18,31,0,China,1392730000,83785,111.57142857142857,4636,184.71428571428572
2020-04-19,18,0,China,1392730000,83803,100.85714285714286,4636,184.71428571428572
2020-04-20,14,0,China,1392730000,83817,86.85714285714286,4636,184.42857142857142
2020-04-21,32,0,China,1392730000,83849,78,4636,184.42857142857142
2020-04-22,15,0,China,1392730000,83864,73.14285714285714,4636,184.28571428571428
2020-04-23,12,0,China,1392730000,83876,67.71428571428571,4636,184.28571428571428
2020-04-24,8,0,China,1392730000,83884,18.571428571428573,4636,0
2020-04-25,15,0,China,1392730000,83899,16.285714285714285,4636,0
2020-04-26,10,0,China,1392730000,83909,15.142857142857142,4636,0
2020-04-27,3,1,China,1392730000,83912,13.571428571428571,4637,0.14285714285714285
2020-04-28,26,0,China,1392730000,83938,12.714285714285714,4637,0.14285714285714285
2019-12-31,0,0,Germany,82927922,0,NA,0,NA
2020-01-01,0,0,Germany,82927922,0,NA,0,NA
2020-01-02,0,0,Germany,82927922,0,NA,0,NA
2020-01-03,0,0,Germany,82927922,0,NA,0,NA
2020-01-04,0,0,Germany,82927922,0,NA,0,NA
2020-01-05,0,0,Germany,82927922,0,NA,0,NA
2020-01-06,0,0,Germany,82927922,0,0,0,0
2020-01-07,0,0,Germany,82927922,0,0,0,0
2020-01-08,0,0,Germany,82927922,0,0,0,0
2020-01-09,0,0,Germany,82927922,0,0,0,0
2020-01-10,0,0,Germany,82927922,0,0,0,0
2020-01-11,0,0,Germany,82927922,0,0,0,0
2020-01-12,0,0,Germany,82927922,0,0,0,0
2020-01-13,0,0,Germany,82927922,0,0,0,0
2020-01-14,0,0,Germany,82927922,0,0,0,0
2020-01-15,0,0,Germany,82927922,0,0,0,0
2020-01-16,0,0,Germany,82927922,0,0,0,0
2020-01-17,0,0,Germany,82927922,0,0,0,0
2020-01-18,0,0,Germany,82927922,0,0,0,0
2020-01-19,0,0,Germany,82927922,0,0,0,0
2020-01-20,0,0,Germany,82927922,0,0,0,0
2020-01-21,0,0,Germany,82927922,0,0,0,0
2020-01-22,0,0,Germany,82927922,0,0,0,0
2020-01-23,0,0,Germany,82927922,0,0,0,0
2020-01-24,0,0,Germany,82927922,0,0,0,0
2020-01-25,0,0,Germany,82927922,0,0,0,0
2020-01-26,0,0,Germany,82927922,0,0,0,0
2020-01-27,0,0,Germany,82927922,0,0,0,0
2020-01-28,1,0,Germany,82927922,1,0.14285714285714285,0,0
2020-01-29,3,0,Germany,82927922,4,0.5714285714285714,0,0
2020-01-30,0,0,Germany,82927922,4,0.5714285714285714,0,0
2020-01-31,1,0,Germany,82927922,5,0.7142857142857143,0,0
2020-02-01,2,0,Germany,82927922,7,1,0,0
2020-02-02,1,0,Germany,82927922,8,1.1428571428571428,0,0
2020-02-03,1,0,Germany,82927922,9,1.2857142857142858,0,0
2020-02-04,2,0,Germany,82927922,11,1.4285714285714286,0,0
2020-02-05,0,0,Germany,82927922,11,1,0,0
2020-02-06,0,0,Germany,82927922,11,1,0,0
2020-02-07,1,0,Germany,82927922,12,1,0,0
2020-02-08,1,0,Germany,82927922,13,0.8571428571428571,0,0
2020-02-09,0,0,Germany,82927922,13,0.7142857142857143,0,0
2020-02-10,0,0,Germany,82927922,13,0.5714285714285714,0,0
2020-02-11,0,0,Germany,82927922,13,0.2857142857142857,0,0
2020-02-12,2,0,Germany,82927922,15,0.5714285714285714,0,0
2020-02-13,0,0,Germany,82927922,15,0.5714285714285714,0,0
2020-02-14,0,0,Germany,82927922,15,0.42857142857142855,0,0
2020-02-15,0,0,Germany,82927922,15,0.2857142857142857,0,0
2020-02-16,0,0,Germany,82927922,15,0.2857142857142857,0,0
2020-02-17,0,0,Germany,82927922,15,0.2857142857142857,0,0
2020-02-18,0,0,Germany,82927922,15,0.2857142857142857,0,0
2020-02-19,0,0,Germany,82927922,15,0,0,0
2020-02-20,0,0,Germany,82927922,15,0,0,0
2020-02-21,0,0,Germany,82927922,15,0,0,0
2020-02-22,0,0,Germany,82927922,15,0,0,0
2020-02-23,0,0,Germany,82927922,15,0,0,0
2020-02-24,0,0,Germany,82927922,15,0,0,0
2020-02-25,0,0,Germany,82927922,15,0,0,0
2020-02-26,2,0,Germany,82927922,17,0.2857142857142857,0,0
2020-02-27,4,0,Germany,82927922,21,0.8571428571428571,0,0
2020-02-28,26,0,Germany,82927922,47,4.571428571428571,0,0
2020-02-29,10,0,Germany,82927922,57,6,0,0
2020-03-01,54,0,Germany,82927922,111,13.714285714285714,0,0
2020-03-02,18,0,Germany,82927922,129,16.285714285714285,0,0
2020-03-03,28,0,Germany,82927922,157,20.285714285714285,0,0
2020-03-04,39,0,Germany,82927922,196,25.571428571428573,0,0
2020-03-05,66,0,Germany,82927922,262,34.42857142857143,0,0
2020-03-06,138,0,Germany,82927922,400,50.42857142857143,0,0
2020-03-07,284,0,Germany,82927922,684,89.57142857142857,0,0
2020-03-08,163,0,Germany,82927922,847,105.14285714285714,0,0
2020-03-09,55,0,Germany,82927922,902,110.42857142857143,0,0
2020-03-10,237,2,Germany,82927922,1139,140.28571428571428,2,0.2857142857142857
2020-03-11,157,0,Germany,82927922,1296,157.14285714285714,2,0.2857142857142857
2020-03-12,271,1,Germany,82927922,1567,186.42857142857142,3,0.42857142857142855
2020-03-13,802,2,Germany,82927922,2369,281.2857142857143,5,0.7142857142857143
2020-03-14,693,0,Germany,82927922,3062,339.7142857142857,5,0.7142857142857143
2020-03-15,733,3,Germany,82927922,3795,421.14285714285717,8,1.1428571428571428
2020-03-16,1043,4,Germany,82927922,4838,562.2857142857143,12,1.7142857142857142
2020-03-17,1174,1,Germany,82927922,6012,696.1428571428571,13,1.5714285714285714
2020-03-18,1144,0,Germany,82927922,7156,837.1428571428571,13,1.5714285714285714
2020-03-19,1042,0,Germany,82927922,8198,947.2857142857143,13,1.4285714285714286
2020-03-20,5940,30,Germany,82927922,14138,1681.2857142857142,43,5.428571428571429
2020-03-21,4049,2,Germany,82927922,18187,2160.714285714286,45,5.714285714285714
2020-03-22,3276,22,Germany,82927922,21463,2524,67,8.428571428571429
2020-03-23,3311,27,Germany,82927922,24774,2848,94,11.714285714285714
2020-03-24,4438,32,Germany,82927922,29212,3314.285714285714,126,16.142857142857142
2020-03-25,2342,23,Germany,82927922,31554,3485.4285714285716,149,19.428571428571427
2020-03-26,4954,49,Germany,82927922,36508,4044.285714285714,198,26.428571428571427
2020-03-27,5780,55,Germany,82927922,42288,4021.4285714285716,253,30
2020-03-28,6294,72,Germany,82927922,48582,4342.142857142857,325,40
2020-03-29,3965,64,Germany,82927922,52547,4440.571428571428,389,46
2020-03-30,4751,66,Germany,82927922,57298,4646.285714285715,455,51.57142857142857
2020-03-31,4615,128,Germany,82927922,61913,4671.571428571428,583,65.28571428571429
2020-04-01,5453,149,Germany,82927922,67366,5116,732,83.28571428571429
2020-04-02,6156,140,Germany,82927922,73522,5287.714285714285,872,96.28571428571429
2020-04-03,6174,145,Germany,82927922,79696,5344,1017,109.14285714285714
2020-04-04,6082,141,Germany,82927922,85778,5313.714285714285,1158,119
2020-04-05,5936,184,Germany,82927922,91714,5595.285714285715,1342,136.14285714285714
2020-04-06,3677,92,Germany,82927922,95391,5441.857142857143,1434,139.85714285714286
2020-04-07,3834,173,Germany,82927922,99225,5330.285714285715,1607,146.28571428571428
2020-04-08,4003,254,Germany,82927922,103228,5123.142857142857,1861,161.28571428571428
2020-04-09,4974,246,Germany,82927922,108202,4954.285714285715,2107,176.42857142857142
2020-04-10,5323,266,Germany,82927922,113525,4832.714285714285,2373,193.71428571428572
2020-04-11,4133,171,Germany,82927922,117658,4554.285714285715,2544,198
2020-04-12,2821,129,Germany,82927922,120479,4109.285714285715,2673,190.14285714285714
2020-04-13,2537,126,Germany,82927922,123016,3946.4285714285716,2799,195
2020-04-14,2082,170,Germany,82927922,125098,3696.1428571428573,2969,194.57142857142858
2020-04-15,2486,285,Germany,82927922,127584,3479.4285714285716,3254,199
2020-04-16,2866,315,Germany,82927922,130450,3178.285714285714,3569,208.85714285714286
2020-04-17,3380,299,Germany,82927922,133830,2900.714285714286,3868,213.57142857142858
2020-04-18,3609,242,Germany,82927922,137439,2825.8571428571427,4110,223.71428571428572
2020-04-19,2458,184,Germany,82927922,139897,2774,4294,231.57142857142858
2020-04-20,1775,110,Germany,82927922,141672,2665.1428571428573,4404,229.28571428571428
2020-04-21,1785,194,Germany,82927922,143457,2622.714285714286,4598,232.71428571428572
2020-04-22,2237,281,Germany,82927922,145694,2587.1428571428573,4879,232.14285714285714
2020-04-23,2352,215,Germany,82927922,148046,2513.714285714286,5094,217.85714285714286
2020-04-24,2337,227,Germany,82927922,150383,2364.714285714286,5321,207.57142857142858
2020-04-25,2055,179,Germany,82927922,152438,2142.714285714286,5500,198.57142857142858
2020-04-26,1737,140,Germany,82927922,154175,2039.7142857142858,5640,192.28571428571428
2020-04-27,1018,110,Germany,82927922,155193,1931.5714285714287,5750,192.28571428571428
2020-04-28,1144,163,Germany,82927922,156337,1840,5913,187.85714285714286
2019-12-31,0,0,Israel,8883800,0,NA,0,NA
2020-01-01,0,0,Israel,8883800,0,NA,0,NA
2020-01-02,0,0,Israel,8883800,0,NA,0,NA
2020-01-03,0,0,Israel,8883800,0,NA,0,NA
2020-01-04,0,0,Israel,8883800,0,NA,0,NA
2020-01-05,0,0,Israel,8883800,0,NA,0,NA
2020-01-06,0,0,Israel,8883800,0,0,0,0
2020-01-07,0,0,Israel,8883800,0,0,0,0
2020-01-08,0,0,Israel,8883800,0,0,0,0
2020-01-09,0,0,Israel,8883800,0,0,0,0
2020-01-10,0,0,Israel,8883800,0,0,0,0
2020-01-11,0,0,Israel,8883800,0,0,0,0
2020-01-12,0,0,Israel,8883800,0,0,0,0
2020-01-13,0,0,Israel,8883800,0,0,0,0
2020-01-14,0,0,Israel,8883800,0,0,0,0
2020-01-15,0,0,Israel,8883800,0,0,0,0
2020-01-16,0,0,Israel,8883800,0,0,0,0
2020-01-17,0,0,Israel,8883800,0,0,0,0
2020-01-18,0,0,Israel,8883800,0,0,0,0
2020-01-19,0,0,Israel,8883800,0,0,0,0
2020-01-20,0,0,Israel,8883800,0,0,0,0
2020-01-21,0,0,Israel,8883800,0,0,0,0
2020-01-22,0,0,Israel,8883800,0,0,0,0
2020-01-23,0,0,Israel,8883800,0,0,0,0
2020-01-24,0,0,Israel,8883800,0,0,0,0
2020-01-25,0,0,Israel,8883800,0,0,0,0
2020-01-26,0,0,Israel,8883800,0,0,0,0
2020-01-27,0,0,Israel,8883800,0,0,0,0
2020-01-28,0,0,Israel,8883800,0,0,0,0
2020-01-29,0,0,Israel,8883800,0,0,0,0
2020-01-30,0,0,Israel,8883800,0,0,0,0
2020-01-31,0,0,Israel,8883800,0,0,0,0
2020-02-01,0,0,Israel,8883800,0,0,0,0
2020-02-02,0,0,Israel,8883800,0,0,0,0
2020-02-03,0,0,Israel,8883800,0,0,0,0
2020-02-04,0,0,Israel,8883800,0,0,0,0
2020-02-05,0,0,Israel,8883800,0,0,0,0
2020-02-06,0,0,Israel,8883800,0,0,0,0
2020-02-07,0,0,Israel,8883800,0,0,0,0
2020-02-08,0,0,Israel,8883800,0,0,0,0
2020-02-09,0,0,Israel,8883800,0,0,0,0
2020-02-10,0,0,Israel,8883800,0,0,0,0
2020-02-11,0,0,Israel,8883800,0,0,0,0
2020-02-12,0,0,Israel,8883800,0,0,0,0
2020-02-13,0,0,Israel,8883800,0,0,0,0
2020-02-14,0,0,Israel,8883800,0,0,0,0
2020-02-15,0,0,Israel,8883800,0,0,0,0
2020-02-16,0,0,Israel,8883800,0,0,0,0
2020-02-17,0,0,Israel,8883800,0,0,0,0
2020-02-18,0,0,Israel,8883800,0,0,0,0
2020-02-19,0,0,Israel,8883800,0,0,0,0
2020-02-20,0,0,Israel,8883800,0,0,0,0
2020-02-21,0,0,Israel,8883800,0,0,0,0
2020-02-22,1,0,Israel,8883800,1,0.14285714285714285,0,0
2020-02-23,0,0,Israel,8883800,1,0.14285714285714285,0,0
2020-02-24,1,0,Israel,8883800,2,0.2857142857142857,0,0
2020-02-25,0,0,Israel,8883800,2,0.2857142857142857,0,0
2020-02-26,0,0,Israel,8883800,2,0.2857142857142857,0,0
2020-02-27,0,0,Israel,8883800,2,0.2857142857142857,0,0
2020-02-28,1,0,Israel,8883800,3,0.42857142857142855,0,0
2020-02-29,4,0,Israel,8883800,7,0.8571428571428571,0,0
2020-03-01,0,0,Israel,8883800,7,0.8571428571428571,0,0
2020-03-02,3,0,Israel,8883800,10,1.1428571428571428,0,0
2020-03-05,5,0,Israel,8883800,15,1.8571428571428572,0,0
2020-03-06,2,0,Israel,8883800,17,2.142857142857143,0,0
2020-03-07,2,0,Israel,8883800,19,2.4285714285714284,0,0
2020-03-08,6,0,Israel,8883800,25,3.142857142857143,0,0
2020-03-09,14,0,Israel,8883800,39,4.571428571428571,0,0
2020-03-11,31,0,Israel,8883800,70,9,0,0
2020-03-12,12,0,Israel,8883800,82,10.285714285714286,0,0
2020-03-13,14,0,Israel,8883800,96,11.571428571428571,0,0
2020-03-14,20,0,Israel,8883800,116,14.142857142857142,0,0
2020-03-15,62,0,Israel,8883800,178,22.714285714285715,0,0
2020-03-16,72,0,Israel,8883800,250,32.142857142857146,0,0
2020-03-17,10,0,Israel,8883800,260,31.571428571428573,0,0
2020-03-18,167,0,Israel,8883800,427,51,0,0
2020-03-19,6,0,Israel,8883800,433,50.142857142857146,0,0
2020-03-20,244,0,Israel,8883800,677,83,0,0
2020-03-21,35,1,Israel,8883800,712,85.14285714285714,1,0.14285714285714285
2020-03-22,171,0,Israel,8883800,883,100.71428571428571,1,0.14285714285714285
2020-03-23,188,0,Israel,8883800,1071,117.28571428571429,1,0.14285714285714285
2020-03-24,371,0,Israel,8883800,1442,168.85714285714286,1,0.14285714285714285
2020-03-25,488,2,Israel,8883800,1930,214.71428571428572,3,0.42857142857142855
2020-03-26,439,2,Israel,8883800,2369,276.57142857142856,5,0.7142857142857143
2020-03-27,297,3,Israel,8883800,2666,284.14285714285717,8,1.1428571428571428
2020-03-28,369,2,Israel,8883800,3035,331.85714285714283,10,1.2857142857142858
2020-03-29,584,2,Israel,8883800,3619,390.85714285714283,12,1.5714285714285714
2020-03-30,628,3,Israel,8883800,4247,453.7142857142857,15,2
2020-03-31,226,2,Israel,8883800,4473,433,17,2.2857142857142856
2020-04-01,443,3,Israel,8883800,4916,426.57142857142856,20,2.4285714285714284
2020-04-02,675,1,Israel,8883800,5591,460.2857142857143,21,2.2857142857142856
2020-04-03,661,13,Israel,8883800,6252,512.2857142857143,34,3.7142857142857144
2020-04-04,1176,5,Israel,8883800,7428,627.5714285714286,39,4.142857142857143
2020-04-05,590,7,Israel,8883800,8018,628.4285714285714,46,4.857142857142857
2020-04-06,412,3,Israel,8883800,8430,597.5714285714286,49,4.857142857142857
2020-04-07,474,8,Israel,8883800,8904,633,57,5.714285714285714
2020-04-08,344,8,Israel,8883800,9248,618.8571428571429,65,6.428571428571429
2020-04-09,156,6,Israel,8883800,9404,544.7142857142857,71,7.142857142857143
2020-04-10,564,15,Israel,8883800,9968,530.8571428571429,86,7.428571428571429
2020-04-11,440,9,Israel,8883800,10408,425.7142857142857,95,8
2020-04-12,335,6,Israel,8883800,10743,389.2857142857143,101,7.857142857142857
2020-04-13,402,2,Israel,8883800,11145,387.85714285714283,103,7.714285714285714
2020-04-14,441,13,Israel,8883800,11586,383.14285714285717,116,8.428571428571429
2020-04-15,460,7,Israel,8883800,12046,399.7142857142857,123,8.285714285714286
2020-04-16,455,7,Israel,8883800,12501,442.42857142857144,130,8.428571428571429
2020-04-17,257,12,Israel,8883800,12758,398.57142857142856,142,8
2020-04-18,224,9,Israel,8883800,12982,367.7142857142857,151,8
2020-04-19,283,13,Israel,8883800,13265,360.2857142857143,164,9
2020-04-20,226,8,Israel,8883800,13491,335.14285714285717,172,9.857142857142858
2020-04-21,222,5,Israel,8883800,13713,303.85714285714283,177,8.714285714285714
2020-04-22,229,7,Israel,8883800,13942,270.85714285714283,184,8.714285714285714
2020-04-23,650,7,Israel,8883800,14592,298.7142857142857,191,8.714285714285714
2020-04-24,290,2,Israel,8883800,14882,303.42857142857144,193,7.285714285714286
2020-04-25,176,1,Israel,8883800,15058,296.57142857142856,194,6.142857142857143
2020-04-26,240,5,Israel,8883800,15298,290.42857142857144,199,5
2020-04-27,100,0,Israel,8883800,15398,272.42857142857144,199,3.857142857142857
2020-04-28,68,3,Israel,8883800,15466,250.42857142857142,202,3.5714285714285716
2019-12-31,0,0,Italy,60431283,0,NA,0,NA
2020-01-01,0,0,Italy,60431283,0,NA,0,NA
2020-01-02,0,0,Italy,60431283,0,NA,0,NA
2020-01-03,0,0,Italy,60431283,0,NA,0,NA
2020-01-04,0,0,Italy,60431283,0,NA,0,NA
2020-01-05,0,0,Italy,60431283,0,NA,0,NA
2020-01-06,0,0,Italy,60431283,0,0,0,0
2020-01-07,0,0,Italy,60431283,0,0,0,0
2020-01-08,0,0,Italy,60431283,0,0,0,0
2020-01-09,0,0,Italy,60431283,0,0,0,0
2020-01-10,0,0,Italy,60431283,0,0,0,0
2020-01-11,0,0,Italy,60431283,0,0,0,0
2020-01-12,0,0,Italy,60431283,0,0,0,0
2020-01-13,0,0,Italy,60431283,0,0,0,0
2020-01-14,0,0,Italy,60431283,0,0,0,0
2020-01-15,0,0,Italy,60431283,0,0,0,0
2020-01-16,0,0,Italy,60431283,0,0,0,0
2020-01-17,0,0,Italy,60431283,0,0,0,0
2020-01-18,0,0,Italy,60431283,0,0,0,0
2020-01-19,0,0,Italy,60431283,0,0,0,0
2020-01-20,0,0,Italy,60431283,0,0,0,0
2020-01-21,0,0,Italy,60431283,0,0,0,0
2020-01-22,0,0,Italy,60431283,0,0,0,0
2020-01-23,0,0,Italy,60431283,0,0,0,0
2020-01-24,0,0,Italy,60431283,0,0,0,0
2020-01-25,0,0,Italy,60431283,0,0,0,0
2020-01-26,0,0,Italy,60431283,0,0,0,0
2020-01-27,0,0,Italy,60431283,0,0,0,0
2020-01-28,0,0,Italy,60431283,0,0,0,0
2020-01-29,0,0,Italy,60431283,0,0,0,0
2020-01-30,0,0,Italy,60431283,0,0,0,0
2020-01-31,3,0,Italy,60431283,3,0.42857142857142855,0,0
2020-02-01,0,0,Italy,60431283,3,0.42857142857142855,0,0
2020-02-02,0,0,Italy,60431283,3,0.42857142857142855,0,0
2020-02-03,0,0,Italy,60431283,3,0.42857142857142855,0,0
2020-02-04,0,0,Italy,60431283,3,0.42857142857142855,0,0
2020-02-05,0,0,Italy,60431283,3,0.42857142857142855,0,0
2020-02-06,0,0,Italy,60431283,3,0.42857142857142855,0,0
2020-02-07,0,0,Italy,60431283,3,0,0,0
2020-02-08,0,0,Italy,60431283,3,0,0,0
2020-02-09,0,0,Italy,60431283,3,0,0,0
2020-02-10,0,0,Italy,60431283,3,0,0,0
2020-02-11,0,0,Italy,60431283,3,0,0,0
2020-02-12,0,0,Italy,60431283,3,0,0,0
2020-02-13,0,0,Italy,60431283,3,0,0,0
2020-02-14,0,0,Italy,60431283,3,0,0,0
2020-02-15,0,0,Italy,60431283,3,0,0,0
2020-02-16,0,0,Italy,60431283,3,0,0,0
2020-02-17,0,0,Italy,60431283,3,0,0,0
2020-02-18,0,0,Italy,60431283,3,0,0,0
2020-02-19,0,0,Italy,60431283,3,0,0,0
2020-02-20,0,0,Italy,60431283,3,0,0,0
2020-02-21,0,0,Italy,60431283,3,0,0,0
2020-02-22,14,0,Italy,60431283,17,2,0,0
2020-02-23,62,2,Italy,60431283,79,10.857142857142858,2,0.2857142857142857
2020-02-24,53,0,Italy,60431283,132,18.428571428571427,2,0.2857142857142857
2020-02-25,97,4,Italy,60431283,229,32.285714285714285,6,0.8571428571428571
2020-02-26,93,5,Italy,60431283,322,45.57142857142857,11,1.5714285714285714
2020-02-27,78,1,Italy,60431283,400,56.714285714285715,12,1.7142857142857142
2020-02-28,250,5,Italy,60431283,650,92.42857142857143,17,2.4285714285714284
2020-02-29,238,4,Italy,60431283,888,124.42857142857143,21,3
2020-03-01,240,8,Italy,60431283,1128,149.85714285714286,29,3.857142857142857
2020-03-02,561,6,Italy,60431283,1689,222.42857142857142,35,4.714285714285714
2020-03-03,347,17,Italy,60431283,2036,258.14285714285717,52,6.571428571428571
2020-03-04,466,28,Italy,60431283,2502,311.42857142857144,80,9.857142857142858
2020-03-05,587,27,Italy,60431283,3089,384.14285714285717,107,13.571428571428571
2020-03-06,769,41,Italy,60431283,3858,458.2857142857143,148,18.714285714285715
2020-03-07,778,49,Italy,60431283,4636,535.4285714285714,197,25.142857142857142
2020-03-08,1247,36,Italy,60431283,5883,679.2857142857143,233,29.142857142857142
2020-03-09,1492,133,Italy,60431283,7375,812.2857142857143,366,47.285714285714285
2020-03-10,1797,98,Italy,60431283,9172,1019.4285714285714,464,58.857142857142854
2020-03-11,977,167,Italy,60431283,10149,1092.4285714285713,631,78.71428571428571
2020-03-12,2313,196,Italy,60431283,12462,1339,827,102.85714285714286
2020-03-13,2651,189,Italy,60431283,15113,1607.857142857143,1016,124
2020-03-14,2547,252,Italy,60431283,17660,1860.5714285714287,1268,153
2020-03-15,3497,173,Italy,60431283,21157,2182,1441,172.57142857142858
2020-03-16,2823,370,Italy,60431283,23980,2372.1428571428573,1811,206.42857142857142
2020-03-17,4000,347,Italy,60431283,27980,2686.8571428571427,2158,242
2020-03-18,3526,347,Italy,60431283,31506,3051,2505,267.7142857142857
2020-03-19,4207,473,Italy,60431283,35713,3321.5714285714284,2978,307.2857142857143
2020-03-20,5322,429,Italy,60431283,41035,3703.1428571428573,3407,341.57142857142856
2020-03-21,5986,625,Italy,60431283,47021,4194.428571428572,4032,394.85714285714283
2020-03-22,6557,795,Italy,60431283,53578,4631.571428571428,4827,483.7142857142857
2020-03-23,5560,649,Italy,60431283,59138,5022.571428571428,5476,523.5714285714286
2020-03-24,4789,601,Italy,60431283,63927,5135.285714285715,6077,559.8571428571429
2020-03-25,5249,743,Italy,60431283,69176,5381.428571428572,6820,616.4285714285714
2020-03-26,5210,685,Italy,60431283,74386,5524.714285714285,7505,646.7142857142857
2020-03-27,6153,660,Italy,60431283,80539,5643.428571428572,8165,679.7142857142857
2020-03-28,5959,971,Italy,60431283,86498,5639.571428571428,9136,729.1428571428571
2020-03-29,5974,887,Italy,60431283,92472,5556.285714285715,10023,742.2857142857143
2020-03-30,5217,758,Italy,60431283,97689,5507.285714285715,10781,757.8571428571429
2020-03-31,4050,810,Italy,60431283,101739,5401.714285714285,11591,787.7142857142857
2020-04-01,4053,839,Italy,60431283,105792,5230.857142857143,12430,801.4285714285714
2020-04-02,4782,727,Italy,60431283,110574,5169.714285714285,13157,807.4285714285714
2020-04-03,4668,760,Italy,60431283,115242,4957.571428571428,13917,821.7142857142857
2020-04-04,4585,764,Italy,60431283,119827,4761.285714285715,14681,792.1428571428571
2020-04-05,4805,681,Italy,60431283,124632,4594.285714285715,15362,762.7142857142857
2020-04-06,4316,527,Italy,60431283,128948,4465.571428571428,15889,729.7142857142857
2020-04-07,3599,636,Italy,60431283,132547,4401.142857142857,16525,704.8571428571429
2020-04-08,3039,604,Italy,60431283,135586,4256.285714285715,17129,671.2857142857143
2020-04-09,3836,540,Italy,60431283,139422,4121.142857142857,17669,644.5714285714286
2020-04-10,4204,612,Italy,60431283,143626,4054.8571428571427,18281,623.4285714285714
2020-04-11,3951,570,Italy,60431283,147577,3964.285714285714,18851,595.7142857142857
2020-04-12,4694,619,Italy,60431283,152271,3948.4285714285716,19470,586.8571428571429
2020-04-13,4092,431,Italy,60431283,156363,3916.4285714285716,19901,573.1428571428571
2020-04-14,3153,564,Italy,60431283,159516,3852.714285714286,20465,562.8571428571429
2020-04-15,2972,604,Italy,60431283,162488,3843.1428571428573,21069,562.8571428571429
2020-04-16,2667,578,Italy,60431283,165155,3676.1428571428573,21647,568.2857142857143
2020-04-17,3786,525,Italy,60431283,168941,3616.4285714285716,22172,555.8571428571429
2020-04-18,3493,575,Italy,60431283,172434,3551,22747,556.5714285714286
2020-04-19,3491,480,Italy,60431283,175925,3379.1428571428573,23227,536.7142857142857
2020-04-20,3047,433,Italy,60431283,178972,3229.8571428571427,23660,537
2020-04-21,2256,454,Italy,60431283,181228,3101.714285714286,24114,521.2857142857143
2020-04-22,2729,534,Italy,60431283,183957,3067,24648,511.2857142857143
2020-04-23,3370,437,Italy,60431283,187327,3167.4285714285716,25085,491.14285714285717
2020-04-24,2646,464,Italy,60431283,189973,3004.5714285714284,25549,482.42857142857144
2020-04-25,3021,420,Italy,60431283,192994,2937.1428571428573,25969,460.2857142857143
2020-04-26,2357,415,Italy,60431283,195351,2775.1428571428573,26384,451
2020-04-27,2324,260,Italy,60431283,197675,2671.8571428571427,26644,426.2857142857143
2020-04-28,1739,333,Italy,60431283,199414,2598,26977,409
2019-12-31,0,0,Netherlands,17231017,0,NA,0,NA
2020-01-01,0,0,Netherlands,17231017,0,NA,0,NA
2020-01-02,0,0,Netherlands,17231017,0,NA,0,NA
2020-01-03,0,0,Netherlands,17231017,0,NA,0,NA
2020-01-04,0,0,Netherlands,17231017,0,NA,0,NA
2020-01-05,0,0,Netherlands,17231017,0,NA,0,NA
2020-01-06,0,0,Netherlands,17231017,0,0,0,0
2020-01-07,0,0,Netherlands,17231017,0,0,0,0
2020-01-08,0,0,Netherlands,17231017,0,0,0,0
2020-01-09,0,0,Netherlands,17231017,0,0,0,0
2020-01-10,0,0,Netherlands,17231017,0,0,0,0
2020-01-11,0,0,Netherlands,17231017,0,0,0,0
2020-01-12,0,0,Netherlands,17231017,0,0,0,0
2020-01-13,0,0,Netherlands,17231017,0,0,0,0
2020-01-14,0,0,Netherlands,17231017,0,0,0,0
2020-01-15,0,0,Netherlands,17231017,0,0,0,0
2020-01-16,0,0,Netherlands,17231017,0,0,0,0
2020-01-17,0,0,Netherlands,17231017,0,0,0,0
2020-01-18,0,0,Netherlands,17231017,0,0,0,0
2020-01-19,0,0,Netherlands,17231017,0,0,0,0
2020-01-20,0,0,Netherlands,17231017,0,0,0,0
2020-01-21,0,0,Netherlands,17231017,0,0,0,0
2020-01-22,0,0,Netherlands,17231017,0,0,0,0
2020-01-23,0,0,Netherlands,17231017,0,0,0,0
2020-01-24,0,0,Netherlands,17231017,0,0,0,0
2020-01-25,0,0,Netherlands,17231017,0,0,0,0
2020-01-26,0,0,Netherlands,17231017,0,0,0,0
2020-01-27,0,0,Netherlands,17231017,0,0,0,0
2020-01-28,0,0,Netherlands,17231017,0,0,0,0
2020-01-29,0,0,Netherlands,17231017,0,0,0,0
2020-01-30,0,0,Netherlands,17231017,0,0,0,0
2020-01-31,0,0,Netherlands,17231017,0,0,0,0
2020-02-01,0,0,Netherlands,17231017,0,0,0,0
2020-02-02,0,0,Netherlands,17231017,0,0,0,0
2020-02-03,0,0,Netherlands,17231017,0,0,0,0
2020-02-04,0,0,Netherlands,17231017,0,0,0,0
2020-02-05,0,0,Netherlands,17231017,0,0,0,0
2020-02-06,0,0,Netherlands,17231017,0,0,0,0
2020-02-07,0,0,Netherlands,17231017,0,0,0,0
2020-02-08,0,0,Netherlands,17231017,0,0,0,0
2020-02-09,0,0,Netherlands,17231017,0,0,0,0
2020-02-10,0,0,Netherlands,17231017,0,0,0,0
2020-02-11,0,0,Netherlands,17231017,0,0,0,0
2020-02-12,0,0,Netherlands,17231017,0,0,0,0
2020-02-13,0,0,Netherlands,17231017,0,0,0,0
2020-02-14,0,0,Netherlands,17231017,0,0,0,0
2020-02-15,0,0,Netherlands,17231017,0,0,0,0
2020-02-16,0,0,Netherlands,17231017,0,0,0,0
2020-02-17,0,0,Netherlands,17231017,0,0,0,0
2020-02-18,0,0,Netherlands,17231017,0,0,0,0
2020-02-19,0,0,Netherlands,17231017,0,0,0,0
2020-02-20,0,0,Netherlands,17231017,0,0,0,0
2020-02-21,0,0,Netherlands,17231017,0,0,0,0
2020-02-22,0,0,Netherlands,17231017,0,0,0,0
2020-02-23,0,0,Netherlands,17231017,0,0,0,0
2020-02-24,0,0,Netherlands,17231017,0,0,0,0
2020-02-25,0,0,Netherlands,17231017,0,0,0,0
2020-02-26,0,0,Netherlands,17231017,0,0,0,0
2020-02-27,0,0,Netherlands,17231017,0,0,0,0
2020-02-28,1,0,Netherlands,17231017,1,0.14285714285714285,0,0
2020-02-29,1,0,Netherlands,17231017,2,0.2857142857142857,0,0
2020-03-01,5,0,Netherlands,17231017,7,1,0,0
2020-03-02,6,0,Netherlands,17231017,13,1.8571428571428572,0,0
2020-03-03,5,0,Netherlands,17231017,18,2.5714285714285716,0,0
2020-03-04,10,0,Netherlands,17231017,28,4,0,0
2020-03-05,10,0,Netherlands,17231017,38,5.428571428571429,0,0
2020-03-06,44,0,Netherlands,17231017,82,11.571428571428571,0,0
2020-03-07,46,1,Netherlands,17231017,128,18,1,0.14285714285714285
2020-03-08,60,0,Netherlands,17231017,188,25.857142857142858,1,0.14285714285714285
2020-03-09,77,2,Netherlands,17231017,265,36,3,0.42857142857142855
2020-03-10,56,0,Netherlands,17231017,321,43.285714285714285,3,0.42857142857142855
2020-03-11,61,1,Netherlands,17231017,382,50.57142857142857,4,0.5714285714285714
2020-03-12,121,1,Netherlands,17231017,503,66.42857142857143,5,0.7142857142857143
2020-03-13,111,0,Netherlands,17231017,614,76,5,0.7142857142857143
2020-03-14,190,0,Netherlands,17231017,804,96.57142857142857,5,0.5714285714285714
2020-03-15,155,7,Netherlands,17231017,959,110.14285714285714,12,1.5714285714285714
2020-03-16,176,8,Netherlands,17231017,1135,124.28571428571429,20,2.4285714285714284
2020-03-17,278,4,Netherlands,17231017,1413,156,24,3
2020-03-18,292,19,Netherlands,17231017,1705,189,43,5.571428571428571
2020-03-19,346,15,Netherlands,17231017,2051,221.14285714285714,58,7.571428571428571
2020-03-20,409,18,Netherlands,17231017,2460,263.7142857142857,76,10.142857142857142
2020-03-21,534,30,Netherlands,17231017,2994,312.85714285714283,106,14.428571428571429
2020-03-22,637,30,Netherlands,17231017,3631,381.7142857142857,136,17.714285714285715
2020-03-23,573,43,Netherlands,17231017,4204,438.42857142857144,179,22.714285714285715
2020-03-24,545,34,Netherlands,17231017,4749,476.57142857142856,213,27
2020-03-25,811,63,Netherlands,17231017,5560,550.7142857142857,276,33.285714285714285
2020-03-26,852,80,Netherlands,17231017,6412,623,356,42.57142857142857
2020-03-27,1019,78,Netherlands,17231017,7431,710.1428571428571,434,51.142857142857146
2020-03-28,1172,112,Netherlands,17231017,8603,801.2857142857143,546,62.857142857142854
2020-03-29,1159,93,Netherlands,17231017,9762,875.8571428571429,639,71.85714285714286
2020-03-30,1104,132,Netherlands,17231017,10866,951.7142857142857,771,84.57142857142857
2020-03-31,884,93,Netherlands,17231017,11750,1000.1428571428571,864,93
2020-04-01,845,175,Netherlands,17231017,12595,1005,1039,109
2020-04-02,1019,134,Netherlands,17231017,13614,1028.857142857143,1173,116.71428571428571
2020-04-03,1083,166,Netherlands,17231017,14697,1038,1339,129.28571428571428
2020-04-04,1026,148,Netherlands,17231017,15723,1017.1428571428571,1487,134.42857142857142
2020-04-05,904,164,Netherlands,17231017,16627,980.7142857142857,1651,144.57142857142858
2020-04-06,1224,115,Netherlands,17231017,17851,997.8571428571429,1766,142.14285714285714
2020-04-07,952,101,Netherlands,17231017,18803,1007.5714285714286,1867,143.28571428571428
2020-04-08,777,234,Netherlands,17231017,19580,997.8571428571429,2101,151.71428571428572
2020-04-09,969,147,Netherlands,17231017,20549,990.7142857142857,2248,153.57142857142858
2020-04-10,1213,148,Netherlands,17231017,21762,1009.2857142857143,2396,151
2020-04-11,1335,115,Netherlands,17231017,23097,1053.4285714285713,2511,146.28571428571428
2020-04-12,1316,132,Netherlands,17231017,24413,1112.2857142857142,2643,141.71428571428572
2020-04-13,1174,94,Netherlands,17231017,25587,1105.142857142857,2737,138.71428571428572
2020-04-14,964,86,Netherlands,17231017,26551,1106.857142857143,2823,136.57142857142858
2020-04-15,868,122,Netherlands,17231017,27419,1119.857142857143,2945,120.57142857142857
2020-04-16,734,189,Netherlands,17231017,28153,1086.2857142857142,3134,126.57142857142857
2020-04-17,1061,181,Netherlands,17231017,29214,1064.5714285714287,3315,131.28571428571428
2020-04-18,1235,144,Netherlands,17231017,30449,1050.2857142857142,3459,135.42857142857142
2020-04-19,1140,142,Netherlands,17231017,31589,1025.142857142857,3601,136.85714285714286
2020-04-20,1066,83,Netherlands,17231017,32655,1009.7142857142857,3684,135.28571428571428
2020-04-21,750,67,Netherlands,17231017,33405,979.1428571428571,3751,132.57142857142858
2020-04-22,729,165,Netherlands,17231017,34134,959.2857142857143,3916,138.71428571428572
2020-04-23,708,138,Netherlands,17231017,34842,955.5714285714286,4054,131.42857142857142
2020-04-24,887,123,Netherlands,17231017,35729,930.7142857142857,4177,123.14285714285714
2020-04-25,806,112,Netherlands,17231017,36535,869.4285714285714,4289,118.57142857142857
2020-04-26,655,120,Netherlands,17231017,37190,800.1428571428571,4409,115.42857142857143
2020-04-27,655,66,Netherlands,17231017,37845,741.4285714285714,4475,113
2020-04-28,400,43,Netherlands,17231017,38245,691.4285714285714,4518,109.57142857142857
2019-12-31,0,0,Russia,144478050,0,NA,0,NA
2020-01-01,0,0,Russia,144478050,0,NA,0,NA
2020-01-02,0,0,Russia,144478050,0,NA,0,NA
2020-01-03,0,0,Russia,144478050,0,NA,0,NA
2020-01-04,0,0,Russia,144478050,0,NA,0,NA
2020-01-05,0,0,Russia,144478050,0,NA,0,NA
2020-01-06,0,0,Russia,144478050,0,0,0,0
2020-01-07,0,0,Russia,144478050,0,0,0,0
2020-01-08,0,0,Russia,144478050,0,0,0,0
2020-01-09,0,0,Russia,144478050,0,0,0,0
2020-01-10,0,0,Russia,144478050,0,0,0,0
2020-01-11,0,0,Russia,144478050,0,0,0,0
2020-01-12,0,0,Russia,144478050,0,0,0,0
2020-01-13,0,0,Russia,144478050,0,0,0,0
2020-01-14,0,0,Russia,144478050,0,0,0,0
2020-01-15,0,0,Russia,144478050,0,0,0,0
2020-01-16,0,0,Russia,144478050,0,0,0,0
2020-01-17,0,0,Russia,144478050,0,0,0,0
2020-01-18,0,0,Russia,144478050,0,0,0,0
2020-01-19,0,0,Russia,144478050,0,0,0,0
2020-01-20,0,0,Russia,144478050,0,0,0,0
2020-01-21,0,0,Russia,144478050,0,0,0,0
2020-01-22,0,0,Russia,144478050,0,0,0,0
2020-01-23,0,0,Russia,144478050,0,0,0,0
2020-01-24,0,0,Russia,144478050,0,0,0,0
2020-01-25,0,0,Russia,144478050,0,0,0,0
2020-01-26,0,0,Russia,144478050,0,0,0,0
2020-01-27,0,0,Russia,144478050,0,0,0,0
2020-01-28,0,0,Russia,144478050,0,0,0,0
2020-01-29,0,0,Russia,144478050,0,0,0,0
2020-01-30,0,0,Russia,144478050,0,0,0,0
2020-01-31,0,0,Russia,144478050,0,0,0,0
2020-02-01,2,0,Russia,144478050,2,0.2857142857142857,0,0
2020-02-02,0,0,Russia,144478050,2,0.2857142857142857,0,0
2020-02-03,0,0,Russia,144478050,2,0.2857142857142857,0,0
2020-02-04,0,0,Russia,144478050,2,0.2857142857142857,0,0
2020-02-05,0,0,Russia,144478050,2,0.2857142857142857,0,0
2020-02-06,0,0,Russia,144478050,2,0.2857142857142857,0,0
2020-02-07,0,0,Russia,144478050,2,0.2857142857142857,0,0
2020-02-08,0,0,Russia,144478050,2,0,0,0
2020-02-09,0,0,Russia,144478050,2,0,0,0
2020-02-10,0,0,Russia,144478050,2,0,0,0
2020-02-11,0,0,Russia,144478050,2,0,0,0
2020-02-12,0,0,Russia,144478050,2,0,0,0
2020-02-13,0,0,Russia,144478050,2,0,0,0
2020-02-14,0,0,Russia,144478050,2,0,0,0
2020-02-15,0,0,Russia,144478050,2,0,0,0
2020-02-16,0,0,Russia,144478050,2,0,0,0
2020-02-17,0,0,Russia,144478050,2,0,0,0
2020-02-18,0,0,Russia,144478050,2,0,0,0
2020-02-19,0,0,Russia,144478050,2,0,0,0
2020-02-20,0,0,Russia,144478050,2,0,0,0
2020-02-21,0,0,Russia,144478050,2,0,0,0
2020-02-22,0,0,Russia,144478050,2,0,0,0
2020-02-23,0,0,Russia,144478050,2,0,0,0
2020-02-24,0,0,Russia,144478050,2,0,0,0
2020-02-25,0,0,Russia,144478050,2,0,0,0
2020-02-26,0,0,Russia,144478050,2,0,0,0
2020-02-27,0,0,Russia,144478050,2,0,0,0
2020-02-28,0,0,Russia,144478050,2,0,0,0
2020-02-29,0,0,Russia,144478050,2,0,0,0
2020-03-01,0,0,Russia,144478050,2,0,0,0
2020-03-02,0,0,Russia,144478050,2,0,0,0
2020-03-03,1,0,Russia,144478050,3,0.14285714285714285,0,0
2020-03-04,1,0,Russia,144478050,4,0.2857142857142857,0,0
2020-03-05,0,0,Russia,144478050,4,0.2857142857142857,0,0
2020-03-06,0,0,Russia,144478050,4,0.2857142857142857,0,0
2020-03-07,6,0,Russia,144478050,10,1.1428571428571428,0,0
2020-03-08,0,0,Russia,144478050,10,1.1428571428571428,0,0
2020-03-09,0,0,Russia,144478050,10,1.1428571428571428,0,0
2020-03-10,0,0,Russia,144478050,10,1,0,0
2020-03-11,0,0,Russia,144478050,10,0.8571428571428571,0,0
2020-03-12,15,0,Russia,144478050,25,3,0,0
2020-03-13,5,0,Russia,144478050,30,3.7142857142857144,0,0
2020-03-14,15,0,Russia,144478050,45,5,0,0
2020-03-15,14,0,Russia,144478050,59,7,0,0
2020-03-16,4,0,Russia,144478050,63,7.571428571428571,0,0
2020-03-17,30,0,Russia,144478050,93,11.857142857142858,0,0
2020-03-18,21,0,Russia,144478050,114,14.857142857142858,0,0
2020-03-19,33,0,Russia,144478050,147,17.428571428571427,0,0
2020-03-20,52,0,Russia,144478050,199,24.142857142857142,0,0
2020-03-21,54,0,Russia,144478050,253,29.714285714285715,0,0
2020-03-22,53,0,Russia,144478050,306,35.285714285714285,0,0
2020-03-23,132,0,Russia,144478050,438,53.57142857142857,0,0
2020-03-24,0,0,Russia,144478050,438,49.285714285714285,0,0
2020-03-25,57,0,Russia,144478050,495,54.42857142857143,0,0
2020-03-26,163,0,Russia,144478050,658,73,0,0
2020-03-27,182,2,Russia,144478050,840,91.57142857142857,2,0.2857142857142857
2020-03-28,196,2,Russia,144478050,1036,111.85714285714286,4,0.5714285714285714
2020-03-29,228,1,Russia,144478050,1264,136.85714285714286,5,0.7142857142857143
2020-03-30,270,3,Russia,144478050,1534,156.57142857142858,8,1.1428571428571428
2020-03-31,302,2,Russia,144478050,1836,199.71428571428572,10,1.4285714285714286
2020-04-01,501,7,Russia,144478050,2337,263.14285714285717,17,2.4285714285714284
2020-04-02,440,7,Russia,144478050,2777,302.7142857142857,24,3.4285714285714284
2020-04-03,771,6,Russia,144478050,3548,386.85714285714283,30,4
2020-04-04,601,4,Russia,144478050,4149,444.7142857142857,34,4.285714285714286
2020-04-05,582,9,Russia,144478050,4731,495.2857142857143,43,5.428571428571429
2020-04-06,658,2,Russia,144478050,5389,550.7142857142857,45,5.285714285714286
2020-04-07,954,2,Russia,144478050,6343,643.8571428571429,47,5.285714285714286
2020-04-08,1154,11,Russia,144478050,7497,737.1428571428571,58,5.857142857142857
2020-04-09,1175,5,Russia,144478050,8672,842.1428571428571,63,5.571428571428571
2020-04-10,1459,13,Russia,144478050,10131,940.4285714285714,76,6.571428571428571
2020-04-11,1786,18,Russia,144478050,11917,1109.7142857142858,94,8.571428571428571
2020-04-12,1667,12,Russia,144478050,13584,1264.7142857142858,106,9
2020-04-13,2186,24,Russia,144478050,15770,1483,130,12.142857142857142
2020-04-14,2558,18,Russia,144478050,18328,1712.142857142857,148,14.428571428571429
2020-04-15,2774,22,Russia,144478050,21102,1943.5714285714287,170,16
2020-04-16,3388,28,Russia,144478050,24490,2259.714285714286,198,19.285714285714285
2020-04-17,3448,34,Russia,144478050,27938,2543.8571428571427,232,22.285714285714285
2020-04-18,4070,41,Russia,144478050,32008,2870.1428571428573,273,25.571428571428573
2020-04-19,4785,40,Russia,144478050,36793,3315.5714285714284,313,29.571428571428573
2020-04-20,6060,48,Russia,144478050,42853,3869,361,33
2020-04-21,4268,44,Russia,144478050,47121,4113.285714285715,405,36.714285714285715
2020-04-22,5642,51,Russia,144478050,52763,4523,456,40.857142857142854
2020-04-23,5236,57,Russia,144478050,57999,4787,513,45
2020-04-24,4774,42,Russia,144478050,62773,4976.428571428572,555,46.142857142857146
2020-04-25,5849,60,Russia,144478050,68622,5230.571428571428,615,48.857142857142854
2020-04-26,5966,66,Russia,144478050,74588,5399.285714285715,681,52.57142857142857
2020-04-27,6361,66,Russia,144478050,80949,5442.285714285715,747,55.142857142857146
2020-04-28,6198,48,Russia,144478050,87147,5718,795,55.714285714285715
2019-12-31,0,0,Spain,46723749,0,NA,0,NA
2020-01-01,0,0,Spain,46723749,0,NA,0,NA
2020-01-02,0,0,Spain,46723749,0,NA,0,NA
2020-01-03,0,0,Spain,46723749,0,NA,0,NA
2020-01-04,0,0,Spain,46723749,0,NA,0,NA
2020-01-05,0,0,Spain,46723749,0,NA,0,NA
2020-01-06,0,0,Spain,46723749,0,0,0,0
2020-01-07,0,0,Spain,46723749,0,0,0,0
2020-01-08,0,0,Spain,46723749,0,0,0,0
2020-01-09,0,0,Spain,46723749,0,0,0,0
2020-01-10,0,0,Spain,46723749,0,0,0,0
2020-01-11,0,0,Spain,46723749,0,0,0,0
2020-01-12,0,0,Spain,46723749,0,0,0,0
2020-01-13,0,0,Spain,46723749,0,0,0,0
2020-01-14,0,0,Spain,46723749,0,0,0,0
2020-01-15,0,0,Spain,46723749,0,0,0,0
2020-01-16,0,0,Spain,46723749,0,0,0,0
2020-01-17,0,0,Spain,46723749,0,0,0,0
2020-01-18,0,0,Spain,46723749,0,0,0,0
2020-01-19,0,0,Spain,46723749,0,0,0,0
2020-01-20,0,0,Spain,46723749,0,0,0,0
2020-01-21,0,0,Spain,46723749,0,0,0,0
2020-01-22,0,0,Spain,46723749,0,0,0,0
2020-01-23,0,0,Spain,46723749,0,0,0,0
2020-01-24,0,0,Spain,46723749,0,0,0,0
2020-01-25,0,0,Spain,46723749,0,0,0,0
2020-01-26,0,0,Spain,46723749,0,0,0,0
2020-01-27,0,0,Spain,46723749,0,0,0,0
2020-01-28,0,0,Spain,46723749,0,0,0,0
2020-01-29,0,0,Spain,46723749,0,0,0,0
2020-01-30,0,0,Spain,46723749,0,0,0,0
2020-01-31,0,0,Spain,46723749,0,0,0,0
2020-02-01,1,0,Spain,46723749,1,0.14285714285714285,0,0
2020-02-02,0,0,Spain,46723749,1,0.14285714285714285,0,0
2020-02-03,0,0,Spain,46723749,1,0.14285714285714285,0,0
2020-02-04,0,0,Spain,46723749,1,0.14285714285714285,0,0
2020-02-05,0,0,Spain,46723749,1,0.14285714285714285,0,0
2020-02-06,0,0,Spain,46723749,1,0.14285714285714285,0,0
2020-02-07,0,0,Spain,46723749,1,0.14285714285714285,0,0
2020-02-08,0,0,Spain,46723749,1,0,0,0
2020-02-09,0,0,Spain,46723749,1,0,0,0
2020-02-10,1,0,Spain,46723749,2,0.14285714285714285,0,0
2020-02-11,0,0,Spain,46723749,2,0.14285714285714285,0,0
2020-02-12,0,0,Spain,46723749,2,0.14285714285714285,0,0
2020-02-13,0,0,Spain,46723749,2,0.14285714285714285,0,0
2020-02-14,0,0,Spain,46723749,2,0.14285714285714285,0,0
2020-02-15,0,0,Spain,46723749,2,0.14285714285714285,0,0
2020-02-16,0,0,Spain,46723749,2,0.14285714285714285,0,0
2020-02-17,0,0,Spain,46723749,2,0,0,0
2020-02-18,0,0,Spain,46723749,2,0,0,0
2020-02-19,0,0,Spain,46723749,2,0,0,0
2020-02-20,0,0,Spain,46723749,2,0,0,0
2020-02-21,0,0,Spain,46723749,2,0,0,0
2020-02-22,0,0,Spain,46723749,2,0,0,0
2020-02-23,0,0,Spain,46723749,2,0,0,0
2020-02-24,0,0,Spain,46723749,2,0,0,0
2020-02-25,1,0,Spain,46723749,3,0.14285714285714285,0,0
2020-02-26,4,0,Spain,46723749,7,0.7142857142857143,0,0
2020-02-27,5,0,Spain,46723749,12,1.4285714285714286,0,0
2020-02-28,13,0,Spain,46723749,25,3.2857142857142856,0,0
2020-02-29,9,0,Spain,46723749,34,4.571428571428571,0,0
2020-03-01,32,0,Spain,46723749,66,9.142857142857142,0,0
2020-03-02,17,0,Spain,46723749,83,11.571428571428571,0,0
2020-03-03,31,0,Spain,46723749,114,15.857142857142858,0,0
2020-03-04,37,0,Spain,46723749,151,20.571428571428573,0,0
2020-03-05,49,1,Spain,46723749,200,26.857142857142858,1,0.14285714285714285
2020-03-06,61,2,Spain,46723749,261,33.714285714285715,3,0.42857142857142855
2020-03-07,113,2,Spain,46723749,374,48.57142857142857,5,0.7142857142857143
2020-03-08,56,0,Spain,46723749,430,52,5,0.7142857142857143
2020-03-09,159,0,Spain,46723749,589,72.28571428571429,5,0.7142857142857143
2020-03-10,615,23,Spain,46723749,1204,155.71428571428572,28,4
2020-03-11,435,7,Spain,46723749,1639,212.57142857142858,35,5
2020-03-12,501,12,Spain,46723749,2140,277.14285714285717,47,6.571428571428571
2020-03-13,864,37,Spain,46723749,3004,391.85714285714283,84,11.571428571428571
2020-03-14,1227,37,Spain,46723749,4231,551,121,16.571428571428573
2020-03-15,1522,15,Spain,46723749,5753,760.4285714285714,136,18.714285714285715
2020-03-16,2000,152,Spain,46723749,7753,1023.4285714285714,288,40.42857142857143
2020-03-17,1438,21,Spain,46723749,9191,1141,309,40.142857142857146
2020-03-18,1987,182,Spain,46723749,11178,1362.7142857142858,491,65.14285714285714
2020-03-19,2538,107,Spain,46723749,13716,1653.7142857142858,598,78.71428571428571
2020-03-20,3431,169,Spain,46723749,17147,2020.4285714285713,767,97.57142857142857
2020-03-21,2833,235,Spain,46723749,19980,2249.8571428571427,1002,125.85714285714286
2020-03-22,4946,324,Spain,46723749,24926,2739,1326,170
2020-03-23,3646,394,Spain,46723749,28572,2974.1428571428573,1720,204.57142857142858
2020-03-24,4517,462,Spain,46723749,33089,3414,2182,267.57142857142856
2020-03-25,6584,514,Spain,46723749,39673,4070.714285714286,2696,315
2020-03-26,7937,738,Spain,46723749,47610,4842,3434,405.14285714285717
2020-03-27,8578,655,Spain,46723749,56188,5577.285714285715,4089,474.57142857142856
2020-03-28,7871,769,Spain,46723749,64059,6297,4858,550.8571428571429
2020-03-29,8189,832,Spain,46723749,72248,6760.285714285715,5690,623.4285714285714
2020-03-30,6549,838,Spain,46723749,78797,7175,6528,686.8571428571429
2020-03-31,6398,812,Spain,46723749,85195,7443.714285714285,7340,736.8571428571429
2020-04-01,9222,849,Spain,46723749,94417,7820.571428571428,8189,784.7142857142857
2020-04-02,7719,864,Spain,46723749,102136,7789.428571428572,9053,802.7142857142857
2020-04-03,8102,950,Spain,46723749,110238,7721.428571428572,10003,844.8571428571429
2020-04-04,7472,932,Spain,46723749,117710,7664.428571428572,10935,868.1428571428571
2020-04-05,7026,809,Spain,46723749,124736,7498.285714285715,11744,864.8571428571429
2020-04-06,6023,674,Spain,46723749,130759,7423.142857142857,12418,841.4285714285714
2020-04-07,4273,637,Spain,46723749,135032,7119.571428571428,13055,816.4285714285714
2020-04-08,5478,743,Spain,46723749,140510,6584.714285714285,13798,801.2857142857143
2020-04-09,6180,757,Spain,46723749,146690,6364.857142857143,14555,786
2020-04-10,5756,683,Spain,46723749,152446,6029.714285714285,15238,747.8571428571429
2020-04-11,4576,605,Spain,46723749,157022,5616,15843,701.1428571428571
2020-04-12,4830,510,Spain,46723749,161852,5302.285714285715,16353,658.4285714285714
2020-04-13,4167,619,Spain,46723749,166019,5037.142857142857,16972,650.5714285714286
2020-04-14,3477,517,Spain,46723749,169496,4923.428571428572,17489,633.4285714285714
2020-04-15,7968,787,Spain,46723749,177464,5279.142857142857,18276,639.7142857142857
2020-04-16,4040,617,Spain,46723749,181504,4973.428571428572,18893,619.7142857142857
2020-04-17,4400,585,Spain,46723749,185904,4779.714285714285,19478,605.7142857142857
2020-04-18,4104,565,Spain,46723749,190008,4712.285714285715,20043,600
2020-04-19,-1430,410,Spain,46723749,188578,3818,20453,585.7142857142857
2020-04-20,2585,399,Spain,46723749,191163,3592,20852,554.2857142857143
2020-04-21,3352,430,Spain,46723749,194515,3574.1428571428573,21282,541.8571428571429
2020-04-22,2627,435,Spain,46723749,197142,2811.1428571428573,21717,491.57142857142856
2020-04-23,3052,440,Spain,46723749,200194,2670,22157,466.2857142857143
2020-04-24,2767,367,Spain,46723749,202961,2436.714285714286,22524,435.14285714285717
2020-04-25,2944,378,Spain,46723749,205905,2271,22902,408.42857142857144
2020-04-26,1729,288,Spain,46723749,207634,2722.285714285714,23190,391
2020-04-27,1831,0,Spain,46723749,209465,2614.5714285714284,23190,334
2019-12-31,0,0,United_Kingdom,66488991,0,NA,0,NA
2020-01-01,0,0,United_Kingdom,66488991,0,NA,0,NA
2020-01-02,0,0,United_Kingdom,66488991,0,NA,0,NA
2020-01-03,0,0,United_Kingdom,66488991,0,NA,0,NA
2020-01-04,0,0,United_Kingdom,66488991,0,NA,0,NA
2020-01-05,0,0,United_Kingdom,66488991,0,NA,0,NA
2020-01-06,0,0,United_Kingdom,66488991,0,0,0,0
2020-01-07,0,0,United_Kingdom,66488991,0,0,0,0
2020-01-08,0,0,United_Kingdom,66488991,0,0,0,0
2020-01-09,0,0,United_Kingdom,66488991,0,0,0,0
2020-01-10,0,0,United_Kingdom,66488991,0,0,0,0
2020-01-11,0,0,United_Kingdom,66488991,0,0,0,0
2020-01-12,0,0,United_Kingdom,66488991,0,0,0,0
2020-01-13,0,0,United_Kingdom,66488991,0,0,0,0
2020-01-14,0,0,United_Kingdom,66488991,0,0,0,0
2020-01-15,0,0,United_Kingdom,66488991,0,0,0,0
2020-01-16,0,0,United_Kingdom,66488991,0,0,0,0
2020-01-17,0,0,United_Kingdom,66488991,0,0,0,0
2020-01-18,0,0,United_Kingdom,66488991,0,0,0,0
2020-01-19,0,0,United_Kingdom,66488991,0,0,0,0
2020-01-20,0,0,United_Kingdom,66488991,0,0,0,0
2020-01-21,0,0,United_Kingdom,66488991,0,0,0,0
2020-01-22,0,0,United_Kingdom,66488991,0,0,0,0
2020-01-23,0,0,United_Kingdom,66488991,0,0,0,0
2020-01-24,0,0,United_Kingdom,66488991,0,0,0,0
2020-01-25,0,0,United_Kingdom,66488991,0,0,0,0
2020-01-26,0,0,United_Kingdom,66488991,0,0,0,0
2020-01-27,0,0,United_Kingdom,66488991,0,0,0,0
2020-01-28,0,0,United_Kingdom,66488991,0,0,0,0
2020-01-29,0,0,United_Kingdom,66488991,0,0,0,0
2020-01-30,0,0,United_Kingdom,66488991,0,0,0,0
2020-01-31,2,0,United_Kingdom,66488991,2,0.2857142857142857,0,0
2020-02-01,0,0,United_Kingdom,66488991,2,0.2857142857142857,0,0
2020-02-02,0,0,United_Kingdom,66488991,2,0.2857142857142857,0,0
2020-02-03,0,0,United_Kingdom,66488991,2,0.2857142857142857,0,0
2020-02-04,0,0,United_Kingdom,66488991,2,0.2857142857142857,0,0
2020-02-05,0,0,United_Kingdom,66488991,2,0.2857142857142857,0,0
2020-02-06,0,0,United_Kingdom,66488991,2,0.2857142857142857,0,0
2020-02-07,1,0,United_Kingdom,66488991,3,0.14285714285714285,0,0
2020-02-08,0,0,United_Kingdom,66488991,3,0.14285714285714285,0,0
2020-02-09,1,0,United_Kingdom,66488991,4,0.2857142857142857,0,0
2020-02-10,0,0,United_Kingdom,66488991,4,0.2857142857142857,0,0
2020-02-11,4,0,United_Kingdom,66488991,8,0.8571428571428571,0,0
2020-02-12,0,0,United_Kingdom,66488991,8,0.8571428571428571,0,0
2020-02-13,1,0,United_Kingdom,66488991,9,1,0,0
2020-02-14,0,0,United_Kingdom,66488991,9,0.8571428571428571,0,0
2020-02-15,0,0,United_Kingdom,66488991,9,0.8571428571428571,0,0
2020-02-16,0,0,United_Kingdom,66488991,9,0.7142857142857143,0,0
2020-02-17,0,0,United_Kingdom,66488991,9,0.7142857142857143,0,0
2020-02-18,0,0,United_Kingdom,66488991,9,0.14285714285714285,0,0
2020-02-19,0,0,United_Kingdom,66488991,9,0.14285714285714285,0,0
2020-02-20,0,0,United_Kingdom,66488991,9,0,0,0
2020-02-21,0,0,United_Kingdom,66488991,9,0,0,0
2020-02-22,0,0,United_Kingdom,66488991,9,0,0,0
2020-02-23,0,0,United_Kingdom,66488991,9,0,0,0
2020-02-24,4,0,United_Kingdom,66488991,13,0.5714285714285714,0,0
2020-02-25,0,0,United_Kingdom,66488991,13,0.5714285714285714,0,0
2020-02-26,0,0,United_Kingdom,66488991,13,0.5714285714285714,0,0
2020-02-27,0,0,United_Kingdom,66488991,13,0.5714285714285714,0,0
2020-02-28,3,0,United_Kingdom,66488991,16,1,0,0
2020-02-29,2,0,United_Kingdom,66488991,18,1.2857142857142858,0,0
2020-03-01,5,0,United_Kingdom,66488991,23,2,0,0
2020-03-02,13,0,United_Kingdom,66488991,36,3.2857142857142856,0,0
2020-03-03,4,0,United_Kingdom,66488991,40,3.857142857142857,0,0
2020-03-04,11,0,United_Kingdom,66488991,51,5.428571428571429,0,0
2020-03-05,34,0,United_Kingdom,66488991,85,10.285714285714286,0,0
2020-03-06,30,1,United_Kingdom,66488991,115,14.142857142857142,1,0.14285714285714285
2020-03-07,48,0,United_Kingdom,66488991,163,20.714285714285715,1,0.14285714285714285
2020-03-08,43,1,United_Kingdom,66488991,206,26.142857142857142,2,0.2857142857142857
2020-03-09,67,1,United_Kingdom,66488991,273,33.857142857142854,3,0.42857142857142855
2020-03-10,48,2,United_Kingdom,66488991,321,40.142857142857146,5,0.7142857142857143
2020-03-11,52,1,United_Kingdom,66488991,373,46,6,0.8571428571428571
2020-03-12,83,0,United_Kingdom,66488991,456,53,6,0.8571428571428571
2020-03-13,134,4,United_Kingdom,66488991,590,67.85714285714286,10,1.2857142857142858
2020-03-14,117,0,United_Kingdom,66488991,707,77.71428571428571,10,1.2857142857142858
2020-03-15,433,11,United_Kingdom,66488991,1140,133.42857142857142,21,2.7142857142857144
2020-03-16,251,14,United_Kingdom,66488991,1391,159.71428571428572,35,4.571428571428571
2020-03-17,152,20,United_Kingdom,66488991,1543,174.57142857142858,55,7.142857142857143
2020-03-18,407,5,United_Kingdom,66488991,1950,225.28571428571428,60,7.714285714285714
2020-03-19,680,43,United_Kingdom,66488991,2630,310.57142857142856,103,13.857142857142858
2020-03-20,647,41,United_Kingdom,66488991,3277,383.85714285714283,144,19.142857142857142
2020-03-21,706,33,United_Kingdom,66488991,3983,468,177,23.857142857142858
2020-03-22,1035,56,United_Kingdom,66488991,5018,554,233,30.285714285714285
2020-03-23,665,48,United_Kingdom,66488991,5683,613.1428571428571,281,35.142857142857146
2020-03-24,967,54,United_Kingdom,66488991,6650,729.5714285714286,335,40
2020-03-25,1427,87,United_Kingdom,66488991,8077,875.2857142857143,422,51.714285714285715
2020-03-26,1452,41,United_Kingdom,66488991,9529,985.5714285714286,463,51.42857142857143
2020-03-27,2129,115,United_Kingdom,66488991,11658,1197.2857142857142,578,62
2020-03-28,2885,181,United_Kingdom,66488991,14543,1508.5714285714287,759,83.14285714285714
2020-03-29,2546,260,United_Kingdom,66488991,17089,1724.4285714285713,1019,112.28571428571429
2020-03-30,2433,209,United_Kingdom,66488991,19522,1977,1228,135.28571428571428
2020-03-31,2619,180,United_Kingdom,66488991,22141,2213,1408,153.28571428571428
2020-04-01,3009,381,United_Kingdom,66488991,25150,2439,1789,195.28571428571428
2020-04-02,4324,743,United_Kingdom,66488991,29474,2849.285714285714,2532,295.57142857142856
2020-04-03,4244,389,United_Kingdom,66488991,33718,3151.4285714285716,2921,334.7142857142857
2020-04-04,4450,684,United_Kingdom,66488991,38168,3375,3605,406.57142857142856
2020-04-05,3735,708,United_Kingdom,66488991,41903,3544.8571428571427,4313,470.57142857142856
2020-04-06,5903,621,United_Kingdom,66488991,47806,4040.5714285714284,4934,529.4285714285714
2020-04-07,3802,439,United_Kingdom,66488991,51608,4209.571428571428,5373,566.4285714285714
2020-04-08,3634,786,United_Kingdom,66488991,55242,4298.857142857143,6159,624.2857142857143
2020-04-09,5491,938,United_Kingdom,66488991,60733,4465.571428571428,7097,652.1428571428571
2020-04-10,4344,881,United_Kingdom,66488991,65077,4479.857142857143,7978,722.4285714285714
2020-04-11,5195,980,United_Kingdom,66488991,70272,4586.285714285715,8958,764.7142857142857
2020-04-12,8719,917,United_Kingdom,66488991,78991,5298.285714285715,9875,794.5714285714286
2020-04-13,5288,737,United_Kingdom,66488991,84279,5210.428571428572,10612,811.1428571428571
2020-04-14,4342,717,United_Kingdom,66488991,88621,5287.571428571428,11329,850.8571428571429
2020-04-15,5252,778,United_Kingdom,66488991,93873,5518.714285714285,12107,849.7142857142857
2020-04-16,4603,761,United_Kingdom,66488991,98476,5391.857142857143,12868,824.4285714285714
2020-04-17,4617,861,United_Kingdom,66488991,103093,5430.857142857143,13729,821.5714285714286
2020-04-18,5599,847,United_Kingdom,66488991,108692,5488.571428571428,14576,802.5714285714286
2020-04-19,5525,888,United_Kingdom,66488991,114217,5032.285714285715,15464,798.4285714285714
2020-04-20,5850,596,United_Kingdom,66488991,120067,5112.571428571428,16060,778.2857142857143
2020-04-21,4676,449,United_Kingdom,66488991,124743,5160.285714285715,16509,740
2020-04-22,4301,828,United_Kingdom,66488991,129044,5024.428571428572,17337,747.1428571428571
2020-04-23,4451,763,United_Kingdom,66488991,133495,5002.714285714285,18100,747.4285714285714
2020-04-24,4583,638,United_Kingdom,66488991,138078,4997.857142857143,18738,715.5714285714286
2020-04-25,5386,768,United_Kingdom,66488991,143464,4967.428571428572,19506,704.2857142857143
2020-04-26,4913,813,United_Kingdom,66488991,148377,4880,20319,693.5714285714286
2020-04-27,4463,413,United_Kingdom,66488991,152840,4681.857142857143,20732,667.4285714285714
2020-04-28,4309,360,United_Kingdom,66488991,157149,4629.428571428572,21092,654.7142857142857
2019-12-31,0,0,United_States_of_America,327167434,0,NA,0,NA
2020-01-01,0,0,United_States_of_America,327167434,0,NA,0,NA
2020-01-02,0,0,United_States_of_America,327167434,0,NA,0,NA
2020-01-03,0,0,United_States_of_America,327167434,0,NA,0,NA
2020-01-04,0,0,United_States_of_America,327167434,0,NA,0,NA
2020-01-05,0,0,United_States_of_America,327167434,0,NA,0,NA
2020-01-06,0,0,United_States_of_America,327167434,0,0,0,0
2020-01-07,0,0,United_States_of_America,327167434,0,0,0,0
2020-01-08,0,0,United_States_of_America,327167434,0,0,0,0
2020-01-09,0,0,United_States_of_America,327167434,0,0,0,0
2020-01-10,0,0,United_States_of_America,327167434,0,0,0,0
2020-01-11,0,0,United_States_of_America,327167434,0,0,0,0
2020-01-12,0,0,United_States_of_America,327167434,0,0,0,0
2020-01-13,0,0,United_States_of_America,327167434,0,0,0,0
2020-01-14,0,0,United_States_of_America,327167434,0,0,0,0
2020-01-15,0,0,United_States_of_America,327167434,0,0,0,0
2020-01-16,0,0,United_States_of_America,327167434,0,0,0,0
2020-01-17,0,0,United_States_of_America,327167434,0,0,0,0
2020-01-18,0,0,United_States_of_America,327167434,0,0,0,0
2020-01-19,0,0,United_States_of_America,327167434,0,0,0,0
2020-01-20,0,0,United_States_of_America,327167434,0,0,0,0
2020-01-21,1,0,United_States_of_America,327167434,1,0.14285714285714285,0,0
2020-01-22,0,0,United_States_of_America,327167434,1,0.14285714285714285,0,0
2020-01-23,0,0,United_States_of_America,327167434,1,0.14285714285714285,0,0
2020-01-24,0,0,United_States_of_America,327167434,1,0.14285714285714285,0,0
2020-01-25,1,0,United_States_of_America,327167434,2,0.2857142857142857,0,0
2020-01-26,0,0,United_States_of_America,327167434,2,0.2857142857142857,0,0
2020-01-27,3,0,United_States_of_America,327167434,5,0.7142857142857143,0,0
2020-01-28,0,0,United_States_of_America,327167434,5,0.5714285714285714,0,0
2020-01-29,0,0,United_States_of_America,327167434,5,0.5714285714285714,0,0
2020-01-30,0,0,United_States_of_America,327167434,5,0.5714285714285714,0,0
2020-01-31,1,0,United_States_of_America,327167434,6,0.7142857142857143,0,0
2020-02-01,1,0,United_States_of_America,327167434,7,0.7142857142857143,0,0
2020-02-02,1,0,United_States_of_America,327167434,8,0.8571428571428571,0,0
2020-02-03,3,0,United_States_of_America,327167434,11,0.8571428571428571,0,0
2020-02-04,0,0,United_States_of_America,327167434,11,0.8571428571428571,0,0
2020-02-05,0,0,United_States_of_America,327167434,11,0.8571428571428571,0,0
2020-02-06,1,0,United_States_of_America,327167434,12,1,0,0
2020-02-07,0,0,United_States_of_America,327167434,12,0.8571428571428571,0,0
2020-02-08,0,0,United_States_of_America,327167434,12,0.7142857142857143,0,0
2020-02-09,0,0,United_States_of_America,327167434,12,0.5714285714285714,0,0
2020-02-10,0,0,United_States_of_America,327167434,12,0.14285714285714285,0,0
2020-02-11,1,0,United_States_of_America,327167434,13,0.2857142857142857,0,0
2020-02-12,0,0,United_States_of_America,327167434,13,0.2857142857142857,0,0
2020-02-13,1,0,United_States_of_America,327167434,14,0.2857142857142857,0,0
2020-02-14,1,0,United_States_of_America,327167434,15,0.42857142857142855,0,0
2020-02-15,0,0,United_States_of_America,327167434,15,0.42857142857142855,0,0
2020-02-16,0,0,United_States_of_America,327167434,15,0.42857142857142855,0,0
2020-02-17,0,0,United_States_of_America,327167434,15,0.42857142857142855,0,0
2020-02-18,0,0,United_States_of_America,327167434,15,0.2857142857142857,0,0
2020-02-19,0,0,United_States_of_America,327167434,15,0.2857142857142857,0,0
2020-02-20,0,0,United_States_of_America,327167434,15,0.14285714285714285,0,0
2020-02-21,1,0,United_States_of_America,327167434,16,0.14285714285714285,0,0
2020-02-22,19,0,United_States_of_America,327167434,35,2.857142857142857,0,0
2020-02-23,0,0,United_States_of_America,327167434,35,2.857142857142857,0,0
2020-02-24,0,0,United_States_of_America,327167434,35,2.857142857142857,0,0
2020-02-25,18,0,United_States_of_America,327167434,53,5.428571428571429,0,0
2020-02-26,0,0,United_States_of_America,327167434,53,5.428571428571429,0,0
2020-02-27,6,0,United_States_of_America,327167434,59,6.285714285714286,0,0
2020-02-28,1,0,United_States_of_America,327167434,60,6.285714285714286,0,0
2020-02-29,6,0,United_States_of_America,327167434,66,4.428571428571429,0,0
2020-03-01,3,1,United_States_of_America,327167434,69,4.857142857142857,1,0.14285714285714285
2020-03-02,20,1,United_States_of_America,327167434,89,7.714285714285714,2,0.2857142857142857
2020-03-03,14,4,United_States_of_America,327167434,103,7.142857142857143,6,0.8571428571428571
2020-03-04,22,3,United_States_of_America,327167434,125,10.285714285714286,9,1.2857142857142858
2020-03-05,34,2,United_States_of_America,327167434,159,14.285714285714286,11,1.5714285714285714
2020-03-06,74,1,United_States_of_America,327167434,233,24.714285714285715,12,1.7142857142857142
2020-03-07,105,2,United_States_of_America,327167434,338,38.857142857142854,14,2
2020-03-08,95,3,United_States_of_America,327167434,433,52,17,2.2857142857142856
2020-03-09,121,4,United_States_of_America,327167434,554,66.42857142857143,21,2.7142857142857144
2020-03-10,200,5,United_States_of_America,327167434,754,93,26,2.857142857142857
2020-03-11,271,2,United_States_of_America,327167434,1025,128.57142857142858,28,2.7142857142857144
2020-03-12,287,2,United_States_of_America,327167434,1312,164.71428571428572,30,2.7142857142857144
2020-03-13,351,10,United_States_of_America,327167434,1663,204.28571428571428,40,4
2020-03-14,511,7,United_States_of_America,327167434,2174,262.2857142857143,47,4.714285714285714
2020-03-15,777,10,United_States_of_America,327167434,2951,359.7142857142857,57,5.714285714285714
2020-03-16,823,12,United_States_of_America,327167434,3774,460,69,6.857142857142857
2020-03-17,887,16,United_States_of_America,327167434,4661,558.1428571428571,85,8.428571428571429
2020-03-18,1766,23,United_States_of_America,327167434,6427,771.7142857142857,108,11.428571428571429
2020-03-19,2988,42,United_States_of_America,327167434,9415,1157.5714285714287,150,17.142857142857142
2020-03-20,4835,0,United_States_of_America,327167434,14250,1798.142857142857,150,15.714285714285714
2020-03-21,5374,110,United_States_of_America,327167434,19624,2492.8571428571427,260,30.428571428571427
2020-03-22,7123,80,United_States_of_America,327167434,26747,3399.4285714285716,340,40.42857142857143
2020-03-23,8459,131,United_States_of_America,327167434,35206,4490.285714285715,471,57.42857142857143
2020-03-24,11236,119,United_States_of_America,327167434,46442,5968.714285714285,590,72.14285714285714
2020-03-25,8789,211,United_States_of_America,327167434,55231,6972,801,99
2020-03-26,13963,249,United_States_of_America,327167434,69194,8539.857142857143,1050,128.57142857142858
2020-03-27,16797,246,United_States_of_America,327167434,85991,10248.714285714286,1296,163.71428571428572
2020-03-28,18695,411,United_States_of_America,327167434,104686,12151.714285714286,1707,206.71428571428572
2020-03-29,19979,484,United_States_of_America,327167434,124665,13988.285714285714,2191,264.42857142857144
2020-03-30,18360,318,United_States_of_America,327167434,143025,15402.714285714286,2509,291.14285714285717
2020-03-31,21595,661,United_States_of_America,327167434,164620,16882.571428571428,3170,368.57142857142856
2020-04-01,24998,909,United_States_of_America,327167434,189618,19198.14285714286,4079,468.2857142857143
2020-04-02,27103,1059,United_States_of_America,327167434,216721,21075.285714285714,5138,584
2020-04-03,28819,915,United_States_of_America,327167434,245540,22792.714285714286,6053,679.5714285714286
2020-04-04,32425,1104,United_States_of_America,327167434,277965,24754.14285714286,7157,778.5714285714286
2020-04-05,34272,1344,United_States_of_America,327167434,312237,26796,8501,901.4285714285714
2020-04-06,25398,1146,United_States_of_America,327167434,337635,27801.428571428572,9647,1019.7142857142857
2020-04-07,30561,1342,United_States_of_America,327167434,368196,29082.285714285714,10989,1117
2020-04-08,30613,1906,United_States_of_America,327167434,398809,29884.428571428572,12895,1259.4285714285713
2020-04-09,33323,1922,United_States_of_America,327167434,432132,30773,14817,1382.7142857142858
2020-04-10,33901,1873,United_States_of_America,327167434,466033,31499,16690,1519.5714285714287
2020-04-11,35527,2087,United_States_of_America,327167434,501560,31942.14285714286,18777,1660
2020-04-12,28391,1831,United_States_of_America,327167434,529951,31102,20608,1729.5714285714287
2020-04-13,27620,1500,United_States_of_America,327167434,557571,31419.428571428572,22108,1780.142857142857
2020-04-14,25023,1541,United_States_of_America,327167434,582594,30628.285714285714,23649,1808.5714285714287
2020-04-15,26922,2408,United_States_of_America,327167434,609516,30101,26057,1880.2857142857142
2020-04-16,30148,4928,United_States_of_America,327167434,639664,29647.428571428572,30985,2309.714285714286
2020-04-17,31667,2299,United_States_of_America,327167434,671331,29328.285714285714,33284,2370.5714285714284
2020-04-18,30833,3770,United_States_of_America,327167434,702164,28657.714285714286,37054,2611
2020-04-19,32922,1856,United_States_of_America,327167434,735086,29305,38910,2614.5714285714284
2020-04-20,24601,1772,United_States_of_America,327167434,759687,28873.714285714286,40682,2653.4285714285716
2020-04-21,28065,1857,United_States_of_America,327167434,787752,29308.285714285714,42539,2698.5714285714284
2020-04-22,37289,2524,United_States_of_America,327167434,825041,30789.285714285714,45063,2715.1428571428573
2020-04-23,17588,1721,United_States_of_America,327167434,842629,28995,46784,2257
2020-04-24,26543,3179,United_States_of_America,327167434,869172,28263,49963,2382.714285714286
2020-04-25,21352,1054,United_States_of_America,327167434,890524,26908.571428571428,51017,1994.7142857142858
2020-04-26,48529,2172,United_States_of_America,327167434,939053,29138.14285714286,53189,2039.857142857143
2020-04-27,26857,1687,United_States_of_America,327167434,965910,29460.428571428572,54876,2027.7142857142858
2020-04-28,22541,1369,United_States_of_America,327167434,988451,28671.285714285714,56245,1958
